# CATALOG
# eclipse IR standard star catalog: raw database
# 
# $Id: Arnica,v 1.3 2002/05/02 13:50:32 ndevilla Exp $
# $Author: ndevilla $
# $Date: 2002/05/02 13:50:32 $
# $Revision: 1.3 $
#
# This file courtesy of Leonardo Vanzi and Chris Lidman, ESO.
#
# Name | Ra         |  Dec      | Sp |  J     |    H   |   K    | Ks | L  | M  | L' | M'
AS01-0 | 00 55 09.9 | +00 43 13 | -- | 10.716 | 10.507 | 10.470 | 99 | 99 | 99 | 99 | 99
AS03-0 | 01 04 21.6 | +04 13 39 | -- | 12.606 | 12.729 | 12.827 | 99 | 99 | 99 | 99 | 99
AS04-1 | 01 54 43.4 | +00 43 59 | -- | 12.371 | 12.033 | 11.962 | 99 | 99 | 99 | 99 | 99
AS05-0 | 02 30 16.4 | +05 15 52 | -- | 13.232 | 13.314 | 13.381 | 99 | 99 | 99 | 99 | 99
AS05-1 | 02 30 18.6 | +05 16 42 | -- | 14.350 | 13.663 | 13.507 | 99 | 99 | 99 | 99 | 99
AS07-0 | 02 57 21.2 | +00 18 39 | -- | 11.105 | 10.977 | 10.946 | 99 | 99 | 99 | 99 | 99
AS10-0 | 04 52 58.9 | -00 14 41 | -- | 11.349 | 11.281 | 11.259 | 99 | 99 | 99 | 99 | 99
AS13-1 | 05 57 10.4 | +00 01 38 | -- | 12.201 | 11.781 | 11.648 | 99 | 99 | 99 | 99 | 99
AS13-1 | 05 57 09.5 | +00 01 50 | -- | 12.521 | 12.101 | 11.970 | 99 | 99 | 99 | 99 | 99
AS13-3 | 05 57 08.0 | +00 00 07 | -- | 13.345 | 12.964 | 12.812 | 99 | 99 | 99 | 99 | 99
AS15-0 | 06 40 34.3 | +09 19 13 | -- | 10.874 | 10.669 | 12.628 | 99 | 99 | 99 | 99 | 99
AS15-1 | 06 40 36.2 | +09 18 60 | -- | 12.656 | 11.980 | 11.792 | 99 | 99 | 99 | 99 | 99
AS15-2 | 06 40 37.9 | +09 18 41 | -- | 13.711 | 12.927 | 12.719 | 99 | 99 | 99 | 99 | 99
AS15-3 | 06 40 37.9 | +09 18 19 | -- | 14.320 | 13.667 | 13.415 | 99 | 99 | 99 | 99 | 99
AS16-0 | 07 24 15.3 | -00 32 50 | -- | 14.159 | 14.111 | 13.305 | 99 | 99 | 99 | 99 | 99
AS16-1 | 07 24 14.3 | -00 33 05 | -- | 13.761 | 13.638 | 13.606 | 99 | 99 | 99 | 99 | 99
AS16-2 | 07 24 15.4 | -00 32 49 | -- | 11.411 | 11.428 | 11.445 | 99 | 99 | 99 | 99 | 99
AS16-3 | 07 24 17.2 | -00 32 27 | -- | 13.891 | 13.855 | 13.818 | 99 | 99 | 99 | 99 | 99
AS16-4 | 07 24 17.5 | -00 33 07 | -- | 11.402 | 11.106 | 11.043 | 99 | 99 | 99 | 99 | 99
AS18-0 | 08 51 05.8 | +11 43 47 | -- | 12.741 | 12.402 | 12.338 | 99 | 99 | 99 | 99 | 99
AS18-1 | 08 51 03.5 | +11 45 03 | -- | 10.769 | 10.614 | 10.575 | 99 | 99 | 99 | 99 | 99
AS19-0 | 08 51 19.7 | +11 52 11 | -- | 12.670 | 12.334 | 12.263 | 99 | 99 | 99 | 99 | 99
AS19-2 | 08 51 20.2 | +11 52 48 | -- | 12.745 | 12.448 | 12.437 | 99 | 99 | 99 | 99 | 99
AS27-0 | 14 40 07.0 | +00 01 45 | -- | 10.910 | 10.781 | 10.761 | 99 | 99 | 99 | 99 | 99
AS27-1 | 14 40 07.3 | +00 02 23 | -- | 12.991 | 12.677 | 12.608 | 99 | 99 | 99 | 99 | 99
AS29-1 | 15 38 30.6 | +00 14 21 | -- | 13.904 | 13.566 | 13.503 | 99 | 99 | 99 | 99 | 99
AS31-0 | 17 44 06.8 | -00 24 58 | -- | 10.744 | 10.644 | 10.602 | 99 | 99 | 99 | 99 | 99
AS31-1 | 17 44 06.2 | -00 24 22 | -- | 12.504 | 12.131 | 12.048 | 99 | 99 | 99 | 99 | 99
AS31-2 | 17 44 06.2 | -00 24 22 | -- | 13.290 | 12.633 | 12.476 | 99 | 99 | 99 | 99 | 99
AS33-0 | 18 27 13.6 | +04 03 10 | -- | 12.220 | 11.834 | 11.739 | 99 | 99 | 99 | 99 | 99
AS33-1 | 18 27 12.4 | +04 02 16 | -- | 13.180 | 12.477 | 12.343 | 99 | 99 | 99 | 99 | 99
AS33-2 | 18 27 15.5 | +04 03 34 | -- | 13.724 | 13.271 | 13.168 | 99 | 99 | 99 | 99 | 99
AS36-0 | 21 52 25.3 | +02 23 33 | -- | 13.168 | 13.242 | 13.301 | 99 | 99 | 99 | 99 | 99
AS36-1 | 21 52 26.2 | +02 24 41 | -- | 13.538 | 13.049 | 12.960 | 99 | 99 | 99 | 99 | 99
AS36-2 | 21 52 22.4 | +02 24 32 | -- | 14.246 | 13.847 | 13.737 | 99 | 99 | 99 | 99 | 99
AS36-3 | 21 52 21.4 | +02 23 14 | -- | 14.165 | 13.607 | 13.333 | 99 | 99 | 99 | 99 | 99
AS36-4 | 21 52 25.4 | +02 23 35 | -- | 15.312 | 14.796 | 14.514 | 99 | 99 | 99 | 99 | 99
AS38-0 | 22 41 44.7 | +01 12 36 | -- | 11.932 | 11.988 | 12.027 | 99 | 99 | 99 | 99 | 99
AS38-1 | 22 41 46.4 | +01 11 52 | -- | 12.994 | 12.657 | 12.588 | 99 | 99 | 99 | 99 | 99
AS38-2 | 22 41 50.2 | +01 12 43 | -- | 11.355 | 11.026 | 10.991 | 99 | 99 | 99 | 99 | 99
AS39-0 | 23 12 21.2 | +10 47 06 | -- | 13.808 | 13.929 | 14.011 | 99 | 99 | 99 | 99 | 99
AS39-1 | 23 12 20.7 | +10 46 36 | -- | 15.033 | 14.333 | 14.045 | 99 | 99 | 99 | 99 | 99
#
# end of file
#
