# CATALOG
# eclipse IR standard star catalog: raw database
#
# $Id: ESO-VanDerBliek,v 1.2 2002/05/02 13:50:32 ndevilla Exp $
# $Author: ndevilla $
# $Date: 2002/05/02 13:50:32 $
# $Revision: 1.2 $
#
# Name     | Ra       |  Dec      | Sp         |  J    |  H     |  K     | Ks | L      | M           | L' | M'
HD590      | 00 10 12 | -18 51 00 | F2V        | 9.200 |  8.982 |  8.959 | 99 |  8.892 |  99         | 99 | 99
HR0033     | 00 11 16 | -15 27 52 | F5V        | 3.988 |  3.697 |  3.665 | 99 |  3.634 |  3.640      | 99 | 99
HD1160     | 00 15 57 | +04 15 04 | A0         | 7.073 |  7.047 |  7.052 | 99 |  7.065 |  99         | 99 | 99
HD1274     | 00 16 37 | -63 51 33 | G5V        | 8.795 |  8.432 |  8.367 | 99 |  8.362 |  99         | 99 | 99
HR0077     | 00 19 51 | -64 53 28 | F9V        | 3.224 |  2.893 |  2.848 | 99 |  2.815 |  2.828      | 99 | 99
HR0088     | 00 22 50 | -12 12 37 | G3V        | 5.302 |  4.970 |  4.913 | 99 |  4.896 |  4.976      | 99 | 99
HR0098     | 00 25 12 | -77 15 32 | G2IV       | 1.726 |  1.395 |  1.353 | 99 |  1.317 |  1.325      | 99 | 99
HR0100     | 00 26 12 | -43 40 50 | A7V        | 3.655 |  3.564 |  3.549 | 99 |  3.545 |  3.517      | 99 | 99
HD2811     | 00 31 18 | -43 36 24 | A3V        | 7.207 |  7.106 |  7.090 | 99 |  7.072 |  99         | 99 | 99
HD3567     | 00 38 32 | -08 18 07 | F5V        | 8.263 |  7.968 |  7.931 | 99 |  99    |  99         | 99 | 99
HR0180     | 00 41 20 | -46 05 06 | G8III      | 3.034 |  2.488 |  2.397 | 99 |  2.322 |  2.425      | 99 | 99
HR0188     | 00 43 34 | -17 59 14 | K0III      | 0.424 | -0.108 | -0.208 | 99 | -0.275 | -0.190      | 99 | 99
HD4306     | 00 45 27 | -09 32 41 | G0         | 7.449 |  6.962 |  6.885 | 99 |  6.818 |  99         | 99 | 99
HD7644     | 01 15 36 | -45 26 00 | F6V        | 9.504 |  9.259 |  9.216 | 99 |  99    |  99         | 99 | 99
HD8864     | 01 27 29 | +04 27 44 | A5         | 8.632 |  8.508 |  8.483 | 99 |  99    |  99         | 99 | 99
HR0434     | 01 30 10 | +06 08 40 | K4III      | 2.470 |  1.708 |  1.559 | 99 |  99    |  99         | 99 | 99
HR0440     | 01 31 14 | -49 04 30 | G9III      | 2.314 |  1.760 |  1.674 | 99 |  1.611 |  1.713      | 99 | 99
HR0448     | 01 33 42 | -07 01 27 | G2IV       | 4.701 |  4.373 |  4.324 | 99 |  4.295 |  99         | 99 | 99
HR0509     | 01 44 10 | -15 56 58 | G8V        | 2.228 |  1.791 |  1.732 | 99 |  1.693 |  1.707      | 99 | 99
HR0519     | 01 46 06 | -50 48 58 | M3III      | 2.170 |  1.295 |  1.078 | 99 |  0.900 |  1.178      | 99 | 99
HR0591     | 01 58 44 | -61 34 13 | F0V        | 2.363 |  2.196 |  2.150 | 99 |  2.115 |  2.084      | 99 | 99
HR0607     | 02 03 11 | +00 07 41 | A5III      | 5.158 |  5.057 |  5.047 | 99 |  99    |  99         | 99 | 99
HR0705     | 02 21 45 | -68 39 34 | A3V        | 4.016 |  3.986 |  3.985 | 99 |  3.973 |  3.952      | 99 | 99
HD15189    | 02 26 26 | -13 52 46 | G0V        | 8.474 |  8.183 |  8.145 | 99 |  99    |  99         | 99 | 99
HR0721     | 02 26 59 | -47 42 14 | B5IV       | 4.518 |  4.556 |  4.605 | 99 |  4.650 |  4.612      | 99 | 99
HR0718     | 02 28 09 | +08 27 36 | B9III      | 4.403 |  4.407 |  4.421 | 99 |  4.431 |  4.451      | 99 | 99
HD16031    | 02 34 11 | -12 22 54 | F0V        | 8.809 |  8.521 |  8.495 | 99 |  99    |  99         | 99 | 99
HR0806     | 02 39 35 | -68 16 01 | B9V        | 4.235 |  4.254 |  4.276 | 99 |  4.289 |  4.297      | 99 | 99
HR0794     | 02 40 39 | -39 51 18 | K0III      | 2.434 |  1.838 |  1.745 | 99 |  1.680 |  1.758      | 99 | 99
GJ105.5    | 02 40 42 | +01 11 43 | M0V:p      | 7.308 |  6.653 |  6.542 | 99 |  6.470 |  99         | 99 | 99
HR0818     | 02 45 05 | -18 34 23 | F5/F6V     | 3.617 |  3.379 |  3.347 | 99 |  3.325 |  3.309      | 99 | 99
HR0841     | 02 49 05 | -32 24 30 | G8.5IIIb   | 2.808 |  2.248 |  2.165 | 99 |  2.096 |  2.197      | 99 | 99
HR0850     | 02 51 02 | -21 00 14 | K0III      | 3.283 |  2.793 |  2.713 | 99 |  99    |  99         | 99 | 99
HD18847    | 03 01 25 | -19 59 15 | F5V        | 9.033 |  8.721 |  8.689 | 99 |  99    |  99         | 99 | 99
HR0919     | 03 02 24 | -23 37 26 | A4V        | 3.832 |  3.725 |  3.705 | 99 |  3.695 |  3.673      | 99 | 99
HD19904    | 03 10 43 | -39 03 06 | A4III/IV   | 6.758 |  6.676 |  6.664 | 99 |  6.642 |  99         | 99 | 99
HD20223    | 03 13 26 | -43 21 57 | A9V        | 8.841 |  8.696 |  8.668 | 99 |  99    |  99         | 99 | 99
HR1006     | 03 17 36 | -62 35 04 | G2.5V      | 4.405 |  4.043 |  3.998 | 99 |  99    |  99         | 99 | 99
HR0996     | 03 19 21 | +03 22 08 | G5V        | 3.731 |  3.374 |  3.317 | 99 |  99    |  99         | 99 | 99
HR1008     | 03 19 42 | -43 04 48 | G8V        | 3.006 |  2.596 |  2.547 | 99 |  2.506 |  2.523      | 99 | 99
HR1084     | 03 32 59 | -09 27 31 | K2V        | 2.258 |  1.764 |  1.688 | 99 |  1.642 |  1.697      | 99 | 99
HD22686    | 03 38 55 | +02 45 50 | A0         | 7.207 |  7.188 |  7.198 | 99 |  7.200 |  99         | 99 | 99
HR1195     | 03 49 27 | -36 11 59 | G9II-III   | 2.667 |  2.184 |  2.100 | 99 |  2.034 |  2.110      | 99 | 99
HR1294     | 04 07 20 | -64 13 37 | G3V        | 5.248 |  4.893 |  4.835 | 99 |  99    |  99         | 99 | 99
HR1302     | 04 10 50 | -41 59 40 | A9V        | 4.322 |  4.137 |  4.103 | 99 |  4.077 |  4.055      | 99 | 99
HR1326     | 04 14 00 | -42 17 30 | K1III      | 2.088 |  1.459 |  1.356 | 99 |  1.277 |  1.400      | 99 | 99
HD28099    | 04 26 40 | +16 44 50 | G2V        | 7.040 |  6.667 |  6.613 | 99 |  6.568 |  99         | 99 | 99
HR1453     | 04 33 31 | -29 45 46 | G6III      | 2.863 |  2.302 |  2.222 | 99 |  2.146 |  2.222      | 99 | 99
HD29250    | 04 35 13 | -29 38 12 | A4IV       | 9.508 |  9.388 |  9.381 | 99 |  99    |  99         | 99 | 99
HR1464     | 04 35 33 | -30 33 44 | G8IIIa     | 2.294 |  1.783 |  1.699 | 99 |  1.628 |  1.719      | 99 | 99
HR1756     | 05 19 34 | -13 10 36 | B0.5IV     | 4.893 |  4.994 |  5.086 | 99 |  5.169 |  99         | 99 | 99
HR1790     | 05 25 08 | +06 20 59 | B2III      | 2.154 |  2.228 |  2.295 | 99 |  2.345 |  2.309      | 99 | 99
HR1891     | 05 35 22 | -04 25 28 | B2.5V      | 6.592 |  6.631 |  6.680 | 99 |  99    |  99         | 99 | 99
HR1899     | 05 35 26 | -05 54 36 | O9III      | 3.322 |  3.413 |  3.495 | 99 |  3.560 |  99         | 99 | 99
HD38150    | 05 38 26 | -67 11 10 | F8V        | 8.206 |  7.922 |  7.888 | 99 |  99    |  99         | 99 | 99
HR1950     | 05 40 37 | -02 49 31 | B1.5V      | 6.699 |  6.780 |  6.858 | 99 |  99    |  99         | 99 | 99
HR1983     | 05 44 29 | -22 26 36 | F7V        | 2.730 |  2.465 |  2.432 | 99 |  2.399 |  2.395      | 99 | 99
HR2015     | 05 44 47 | -65 44 09 | A7V        | 3.897 |  3.763 |  3.742 | 99 |  3.719 |  3.685      | 99 | 99
HR2020     | 05 47 17 | -51 04 04 | A5V        | 3.581 |  3.502 |  3.495 | 99 |  3.481 |  3.422      | 99 | 99
HD38921    | 05 47 22 | -38 13 52 | A0V        | 7.580 |  7.556 |  7.546 | 99 |  7.555 |  99         | 99 | 99
HR2007     | 05 48 35 | -04 05 29 | G4V        | 4.843 |  4.492 |  4.450 | 99 |  4.451 |  99         | 99 | 99
HR2085     | 05 56 24 | -14 10 11 | F1V        | 3.128 |  2.948 |  2.927 | 99 |  2.907 |  2.886      | 99 | 99
HD40335    | 05 58 13 | +01 51 23 | A0         | 6.565 |  6.478 |  6.470 | 99 |  6.468 |  99         | 99 | 99
HR2290     | 06 20 05 | -48 44 15 | G3V        | 5.520 |  5.189 |  5.141 | 99 |  5.123 |  5.118      | 99 | 99
HR2354     | 06 24 26 | -63 25 39 | G3III-IV   | 5.375 |  5.053 |  5.004 | 99 |  4.989 |  5.003      | 99 | 99
HR2318     | 06 24 45 | -28 46 42 | G2IV       | 5.284 |  4.971 |  4.923 | 99 |  4.908 |  4.850      | 99 | 99
HR2429     | 06 36 41 | -19 15 18 | K1III+     | 2.282 |  1.742 |  1.654 | 99 |  1.576 |  1.695      | 99 | 99
HR2451     | 06 37 46 | -43 11 45 | B8III      | 3.337 |  3.360 |  3.391 | 99 |  3.412 |  3.380      | 99 | 99
HR2491     | 06 45 11 | -16 41 58 | A1V       | -1.416 | -1.401 | -1.383 | 99 | -1.345 |  99         | 99 | 99
HR2550     | 06 48 12 | -61 56 42 | A7IV       | 2.785 |  2.674 |  2.651 | 99 |  99    |  99         | 99 | 99
HD52298    | 06 57 45 | -52 38 35 | F5/F6V     | 6.019 |  5.749 |  5.718 | 99 |  99    |  99         | 99 | 99
HR2672     | 07 03 54 | -49 35 09 | A4IV       | 4.669 |  4.607 |  4.604 | 99 |  4.591 |  99         | 99 | 99
HR2667     | 07 03 58 | -43 36 48 | G3V        | 4.470 |  4.137 |  4.094 | 99 |  99    |  99         | 99 | 99
HR2668     | 07 03 59 | -43 37 01 | K0V        | 5.507 |  5.078 |  5.018 | 99 |  4.974 |  5.068      | 99 | 99
HR2701     | 07 10 14 | -04 14 24 | K0III      | 3.220 |  2.635 |  2.550 | 99 |  2.468 |  2.553      | 99 | 99
HR2882     | 07 30 43 | -37 20 25 | G4V        | 5.562 |  5.224 |  5.170 | 99 |  5.146 |  5.137      | 99 | 99
HD60778    | 07 36 12 | -00 08 13 | A1V        | 8.787 |  8.714 |  8.692 | 99 |  8.712 |  99         | 99 | 99
HR2970     | 07 41 15 | -09 33 03 | G9III      | 2.289 |  1.735 |  1.646 | 99 |  1.558 |  1.683      | 99 | 99
HR3018     | 07 45 36 | -34 11 46 | G0V        | 4.231 |  3.855 |  3.799 | 99 |  99    |  99         | 99 | 99
HR3090     | 07 53 18 | -48 06 11 | B0.5Ib     | 4.558 |  4.598 |  4.650 | 99 |  99    |  99         | 99 | 99
HR3138     | 07 57 43 | -60 18 17 | G0V        | 4.561 |  4.255 |  4.216 | 99 |  4.132 |  99         | 99 | 99
HR3176     | 08 07 46 | +21 34 58 | G1IV       | 4.219 |  3.898 |  3.835 | 99 |  99    |  99         | 99 | 99
HR3300     | 08 22 55 | -52 07 27 | A0V        | 5.906 |  5.902 |  5.914 | 99 |  99    |  99         | 99 | 99
HR3314     | 08 25 40 | -03 54 22 | A0V        | 3.932 |  3.932 |  3.944 | 99 |  3.938 |  3.950      | 99 | 99
HR3421     | 08 37 21 | -40 08 53 | G4IV-V     | 5.521 |  5.211 |  5.171 | 99 |  5.146 |  99         | 99 | 99
HR3476     | 08 43 40 | -49 49 22 | B0IIIn     | 5.575 |  5.649 |  5.719 | 99 |  5.795 |  99         | 99 | 99
HR3484     | 08 46 22 | -13 32 51 | G8III      | 2.817 |  2.326 |  2.249 | 99 |  2.172 |  2.237      | 99 | 99
HD75223    | 08 47 22 | -39 47 59 | A1V        | 7.316 |  7.301 |  7.295 | 99 |  7.279 |  99         | 99 | 99
HD77281    | 09 01 38 | -01 28 35 | A2         | 7.110 |  7.051 |  7.045 | 99 |  7.049 |  99         | 99 | 99
HR3614     | 09 04 09 | -47 05 51 | K2III      | 1.900 |  1.299 |  1.193 | 99 |  1.096 |  1.253      | 99 | 99
HR3613     | 09 05 58 | +05 05 33 | K2Iab:     | 3.022 |  2.387 |  2.279 | 99 |  2.154 |  99         | 99 | 99
HR3634     | 09 08 00 | -43 25 58 | K4Ib-II   | -0.556 | -1.375 | -1.575 | 99 | -1.745 |  99         | 99 | 99
HR3685     | 09 13 14 | -69 43 07 | A2IV       | 1.593 |  1.543 |  1.544 | 99 |  1.537 |  99         | 99 | 99
HR3718     | 09 21 30 | -25 57 55 | M0III      | 1.663 |  0.770 |  0.553 | 99 |  0.410 |  99         | 99 | 99
HR3785     | 09 31 39 | -10 33 07 | F0Vn       | 5.634 |  5.462 |  5.433 | 99 |  99    |  99         | 99 | 99
HR3842     | 09 38 01 | -43 11 25 | G8II       | 3.971 |  3.493 |  3.413 | 99 |  3.342 |  3.418      | 99 | 99
HD83844    | 09 40 38 | -21 34 54 | K0III      | 6.046 |  5.473 |  5.398 | 99 |  5.345 |  99         | 99 | 99
HR3862     | 09 42 16 | -23 55 09 | G0V        | 3.985 |  3.716 |  3.685 | 99 |  3.654 |  99         | 99 | 99
HR3871     | 09 44 12 | -27 46 12 | A8V+       | 3.727 |  3.335 |  3.266 | 99 |  3.193 |  3.266      | 99 | 99
HR3903     | 09 51 29 | -14 50 46 | G6/G8III   | 2.620 |  2.135 |  2.051 | 99 |  1.987 |  2.037      | 99 | 99
HR3981     | 10 07 56 | -00 22 17 | A0III      | 4.492 |  4.495 |  4.510 | 99 |  4.536 |  99         | 99 | 99
HR3994     | 10 10 36 | -12 21 10 | K0III      | 2.012 |  1.529 |  1.429 | 99 |  1.362 |  99         | 99 | 99
HR4013     | 10 13 26 | -33 01 57 | G1V        | 5.362 |  5.047 |  5.003 | 99 |  99    |  99         | 99 | 99
HR4023     | 10 14 45 | -42 07 21 | A2V        | 3.772 |  3.752 |  3.752 | 99 |  3.746 |  3.741      | 99 | 99
HR4102     | 10 24 24 | -74 01 52 | F2IV       | 3.340 |  3.158 |  3.136 | 99 |  3.116 |  3.074      | 99 | 99
GJ390      | 10 25 13 | -10 13 49 | M0         | 6.973 |  6.286 |  6.069 | 99 |  5.844 |  99         | 99 | 99
HR4094     | 10 26 06 | -16 50 06 | K4III      | 1.326 |  0.538 |  0.375 | 99 |  0.250 |  99         | 99 | 99
HR4167     | 10 37 19 | -48 13 31 | F4IV+      | 3.312 |  3.153 |  3.132 | 99 |  3.115 |  3.093      | 99 | 99
HR4232     | 10 49 37 | -16 11 47 | K0/K1III   | 1.090 |  0.381 |  0.285 | 99 |  0.171 |  99         | 99 | 99
HR4257     | 10 53 29 | -58 51 13 | K1III      | 2.234 |  1.704 |  1.621 | 99 |  99    |  99         | 99 | 99
HR4273     | 10 56 43 | -37 08 10 | K1III      | 2.972 |  2.426 |  2.336 | 99 |  2.246 |  99         | 99 | 99
HR4293     | 11 00 09 | -42 13 33 | A3IV       | 4.150 |  4.074 |  4.062 | 99 |  4.053 |  99         | 99 | 99
HR4325     | 11 06 33 | -62 25 27 | G8III      | 3.025 |  2.500 |  2.409 | 99 |  2.331 |  99         | 99 | 99
HD96620    | 11 06 55 | -58 47 36 | A0IV       | 5.526 |  5.366 |  5.345 | 99 |  99    |  99         | 99 | 99
HR4450     | 11 33 01 | -31 51 25 | G7III      | 2.045 |  1.559 |  1.471 | 99 |  1.391 |  1.469      | 99 | 99
HD101452   | 11 40 14 | -39 08 47 | A2         | 7.017 |  6.877 |  6.855 | 99 |  6.835 |  99         | 99 | 99
HD102200   | 11 45 34 | -46 03 41 | F2V        | 7.783 |  7.467 |  7.429 | 99 |  99    |  99         | 99 | 99
HR4520     | 11 45 37 | -66 43 45 | A7III      | 3.352 |  3.266 |  3.253 | 99 |  3.230 |  3.189      | 99 | 99
HR4523     | 11 46 38 | -40 30 21 | G5V        | 3.728 |  3.355 |  3.307 | 99 |  3.272 |  3.287      | 99 | 99
HR4620     | 12 08 15 | -48 41 33 | B9V        | 5.292 |  5.293 |  5.297 | 99 |  5.290 |  99         | 99 | 99
HR4623     | 12 08 24 | -24 43 42 | F0IV/V     | 3.408 |  3.233 |  3.212 | 99 |  3.186 |  99         | 99 | 99
HR4638     | 12 11 39 | -52 22 06 | B3V        | 4.325 |  4.391 |  4.445 | 99 |  4.469 |  99         | 99 | 99
HR4662     | 12 15 49 | -17 32 32 | B8III      | 2.772 |  2.793 |  2.817 | 99 |  2.828 |  2.862      | 99 | 99
HD106965   | 12 17 58 | +01 34 31 | A2         | 7.391 |  7.337 |  7.332 | 99 |  7.296 |  99         | 99 | 99
HR4695     | 12 20 22 | +03 18 49 | K0IIIb     | 3.014 |  2.322 |  2.213 | 99 |  2.122 |  2.304      | 99 | 99
HR4743     | 12 28 03 | -50 13 49 | B2V        | 4.372 |  4.441 |  4.517 | 99 |  4.578 |  99         | 99 | 99
HR4757     | 12 29 53 | -16 30 48 | B9.5V      | 3.038 |  3.041 |  3.061 | 99 |  99    |  99         | 99 | 99
HR4802     | 12 37 43 | -48 32 28 | A2V        | 3.749 |  3.707 |  3.706 | 99 |  3.691 |  3.656      | 99 | 99
HR4831     | 12 42 36 | -48 48 45 | K0III      | 2.913 |  2.377 |  2.280 | 99 |  2.201 |  99         | 99 | 99
HD110621   | 12 43 44 | -44 40 30 | F8         | 8.952 |  8.613 |  8.577 | 99 |  99    |  99         | 99 | 99
HR4889     | 12 53 26 | -40 10 43 | A7III      | 3.832 |  3.684 |  3.665 | 99 |  3.633 |  99         | 99 | 99
HR4903     | 12 54 59 | -44 08 56 | G1V        | 4.853 |  4.559 |  4.507 | 99 |  99    |  99         | 99 | 99
HR4933     | 13 03 33 | -49 31 37 | A0V        | 4.816 |  4.779 |  4.780 | 99 |  4.780 |  99         | 99 | 99
HR4989     | 13 14 17 | -59 06 03 | F7IV       | 4.012 |  3.721 |  3.680 | 99 |  3.646 |  3.641      | 99 | 99
HR5028     | 13 20 37 | -36 42 40 | A2V        | 2.723 |  2.704 |  2.705 | 99 |  2.699 |  2.675      | 99 | 99
HR5041     | 13 24 00 | -64 32 07 | G6II       | 3.148 |  2.676 |  2.597 | 99 |  2.533 |  99         | 99 | 99
HR5107     | 13 34 42 | -00 35 47 | A3V        | 3.190 |  3.117 |  3.099 | 99 |  3.085 |  99         | 99 | 99
HR5132     | 13 39 53 | -53 27 58 | B1III      | 2.815 |  2.912 |  2.993 | 99 |  3.055 |  3.049      | 99 | 99
HR5241     | 13 57 39 | -63 41 10 | K0III      | 2.957 |  2.374 |  2.274 | 99 |  2.192 |  99         | 99 | 99
HR5249     | 13 58 41 | -44 48 11 | B2IV-V     | 4.342 |  4.430 |  4.507 | 99 |  4.575 |  4.534      | 99 | 99
HR5384     | 14 23 14 | +01 14 54 | G1V        | 5.126 |  4.749 |  4.703 | 99 |  4.571 |  4.597      | 99 | 99
HR5444     | 14 36 19 | -46 14 44 | K3III      | 3.063 |  2.258 |  2.092 | 99 |  1.956 |  99         | 99 | 99
HR5487     | 14 43 03 | -05 39 14 | F2III      | 3.147 |  2.926 |  2.898 | 99 |  99    |  99         | 99 | 99
HD129655   | 14 43 46 | -02 30 18 | A2         | 6.864 |  6.740 |  6.714 | 99 |  99    |  99         | 99 | 99
HR5489     | 14 44 59 | -35 11 30 | A0V        | 4.894 |  4.845 |  4.843 | 99 |  4.839 |  99         | 99 | 99
HR5494     | 14 46 29 | -47 26 27 | A1V        | 5.663 |  5.612 |  5.611 | 99 |  5.611 |  99         | 99 | 99
HD130163   | 14 47 47 | -39 55 34 | A0V        | 6.885 |  6.857 |  6.861 | 99 |  6.856 |  99         | 99 | 99
HR5531     | 14 50 53 | -16 02 27 | A3IV       | 2.527 |  2.445 |  2.429 | 99 |  2.406 |  99         | 99 | 99
HR5649     | 15 12 18 | -52 05 53 | G8III      | 1.938 |  1.434 |  1.343 | 99 |  1.292 |  1.361      | 99 | 99
HR5685     | 15 17 01 | -09 22 57 | B8V        | 2.801 |  2.816 |  2.844 | 99 |  2.873 |  2.872      | 99 | 99
HR5670     | 15 17 31 | -58 47 57 | A3V        | 3.926 |  3.889 |  3.904 | 99 |  3.882 |  99         | 99 | 99
HR5699     | 15 21 56 | -48 18 49 | G4V        | 4.514 |  4.142 |  4.104 | 99 |  99    |  99         | 99 | 99
HR5824     | 15 40 17 | -23 49 05 | K3III      | 2.853 |  2.195 |  2.058 | 99 |  1.944 |  2.143      | 99 | 99
HR5897     | 15 55 10 | -63 25 30 | F2III      | 2.298 |  2.137 |  2.107 | 99 |  2.069 |  2.052      | 99 | 99
HR5917     | 15 55 30 | -26 15 56 | A3V        | 5.332 |  5.229 |  5.211 | 99 |  99    |  99         | 99 | 99
HR5962     | 16 03 13 | -49 13 47 | G8III      | 3.145 |  2.677 |  2.588 | 99 |  2.524 |  99         | 99 | 99
HR6070     | 16 18 18 | -28 36 46 | A0V        | 4.831 |  4.799 |  4.813 | 99 |  4.807 |  4.717      | 99 | 99
HR6072     | 16 19 51 | -50 09 17 | G8III      | 2.318 |  1.770 |  1.667 | 99 |  1.589 |  1.720      | 99 | 99
HR6084     | 16 21 11 | -25 35 33 | B1III      | 2.495 |  2.406 |  2.407 | 99 |  2.406 |  2.385      | 99 | 99
HR6094     | 16 24 01 | -39 11 35 | G5V        | 4.314 |  3.976 |  3.928 | 99 |  3.891 |  3.874      | 99 | 99
HR6136     | 16 28 34 | +00 39 58 | K4III      | 2.973 |  2.219 |  2.052 | 99 |  1.921 |  2.189      | 99 | 99
HR6147     | 16 31 08 | -16 36 44 | G8/K0III   | 2.817 |  2.353 |  2.265 | 99 |  2.204 |  2.289      | 99 | 99
HR6241     | 16 50 12 | -34 17 23 | K2.5III    | 0.411 | -0.181 | -0.288 | 99 | -0.364 | -0.216      | 99 | 99
HR6378     | 17 10 22 | -15 43 34 | A2.5Va     | 2.325 |  2.283 |  2.274 | 99 |  2.257 |  2.229      | 99 | 99
HD156005   | 17 16 48 | -37 24 34 | K2III:     | 5.847 |  5.033 |  4.861 | 99 |  99    |  99         | 99 | 99
HR6441     | 17 20 35 | -19 19 52 | G1V        | 5.520 |  5.219 |  5.168 | 99 |  99    |  99         | 99 | 99
HR6417     | 17 22 00 | -67 46 13 | K2III      | 2.776 |  2.121 |  1.995 | 99 |  1.898 |  99         | 99 | 99
HR6537     | 17 35 40 | -46 30 18 | A0V        | 4.578 |  4.539 |  4.536 | 99 |  4.524 |  99         | 99 | 99
HR6572     | 17 41 16 | -46 55 18 | A0V        | 5.739 |  5.728 |  5.738 | 99 |  5.726 |  99         | 99 | 99
HD160617   | 17 42 50 | -40 18 55 | Fw         | 7.720 |  7.380 |  7.343 | 99 |  99    |  99         | 99 | 99
HD161743   | 17 48 58 | -38 07 06 | B9IV       | 7.667 |  7.638 |  7.641 | 99 |  99    |  99         | 99 | 99
HR6630     | 17 49 51 | -37 02 37 | K2III      | 1.269 |  0.637 |  0.524 | 99 |  0.436 |  0.584      | 99 | 99
HR6682     | 17 57 48 | -41 42 58 | M0III      | 1.823 |  0.938 |  0.735 | 99 |  0.594 |  99         | 99 | 99
HR6698     | 17 59 02 | -09 46 19 | G9III      | 1.752 |  1.241 |  1.150 | 99 |  1.086 |  1.178      | 99 | 99
HR6736     | 18 03 52 | -24 21 38 | O8Iab:     | 5.817 |  5.773 |  5.796 | 99 |  5.819 |  5.802      | 99 | 99
HR6746     | 18 05 49 | -30 25 17 | K0III      | 1.285 |  0.722 |  0.639 | 99 |  0.595 |  0.667      | 99 | 99
HR6748     | 18 06 23 | -36 01 12 | G5V        | 4.898 |  4.581 |  4.537 | 99 |  99    |  99         | 99 | 99
HD166913   | 18 16 27 | -59 24 05 | F6:Vw      | 7.261 |  6.949 |  6.913 | 99 |  99    |  99         | 99 | 99
HR6879     | 18 24 10 | -34 22 59 | B9.5III    | 1.796 |  1.761 |  1.758 | 99 |  1.739 |  1.717      | 99 | 99
HR6893     | 18 25 55 | -33 56 43 | B5IV       | 6.397 |  6.411 |  6.444 | 99 |  99    |  99         | 99 | 99
SAO245532  | 18 32 08 | -59 27 42 | F9         | 8.884 |  8.612 |  8.567 | 99 |  99    |  99         | 99 | 99
HR6951     | 18 33 30 | -42 18 44 | G8III      | 3.014 |  2.497 |  2.402 | 99 |  2.328 |  99         | 99 | 99
HR7120     | 18 55 07 | -22 40 16 | K1Ib/II    | 2.869 |  2.177 |  2.040 | 99 |  1.925 |  2.167      | 99 | 99
HR7136     | 18 57 34 | -39 49 26 | A5IV/V     | 5.941 |  5.838 |  5.820 | 99 |  99    |  99         | 99 | 99
HR7188     | 19 03 06 | -42 05 40 | B9.5V      | 4.797 |  4.788 |  4.799 | 99 |  4.799 |  99         | 99 | 99
HR7217     | 19 04 41 | -21 44 27 | K0III      | 2.115 |  1.580 |  1.489 | 99 |  1.408 |  99         | 99 | 99
HR7236     | 19 06 15 | -04 52 53 | B9Vn       | 3.616 |  3.624 |  3.650 | 99 |  3.681 |  3.676      | 99 | 99
HR7254     | 19 09 28 | -37 54 12 | A2V        | 4.030 |  3.993 |  3.990 | 99 |  3.985 |  99         | 99 | 99
HR7264     | 19 09 46 | -21 01 23 | F2II/III   | 2.140 |  1.920 |  1.871 | 99 |  1.813 |  1.806      | 99 | 99
HR7259     | 19 10 02 | -39 20 25 | K0II       | 2.227 |  1.633 |  1.509 | 99 |  1.396 |  99         | 99 | 99
HR7330     | 19 21 29 | -34 58 57 | G5V        | 5.396 |  5.052 |  4.988 | 99 |  99    |  99         | 99 | 99
HR7340     | 19 21 40 | -17 50 51 | F0III/IV   | 3.554 |  3.431 |  3.406 | 99 |  99    |  99         | 99 | 99
HR7343     | 19 23 13 | -44 47 56 | F2III      | 3.605 |  3.406 |  3.365 | 99 |  3.342 |  99         | 99 | 99
HR7429     | 19 34 05 | +07 22 52 | K3IIIb     | 2.550 |  1.917 |  1.803 | 99 |  1.732 |  1.882      | 99 | 99
HR7446     | 19 36 53 | -07 01 39 | B0.5III    | 4.991 |  5.000 |  5.028 | 99 |  5.055 |  4.996      | 99 | 99
HD188112   | 19 54 31 | -28 20 22 | B9V        | 10.708 | 10.787 | 10.860 | 99 |  99    |  99        | 99 | 99
HR7581     | 19 55 15 | -41 52 09 | K0II-III   | 2.327 |  1.706 |  1.600 | 99 |  1.528 |  99         | 99 | 99
HR7652     | 20 03 33 | -37 56 22 | K5III      | 2.432 |  1.667 |  1.521 | 99 |  1.414 |  99         | 99 | 99
HD190285   | 20 05 12 | -26 48 47 | A0V        | 7.053 |  7.004 |  6.999 | 99 |  99    |  99         | 99 | 99
HR7644     | 20 05 25 | -67 18 42 | G3V        | 4.966 |  4.605 |  4.566 | 99 |  99    |  99         | 99 | 99
HR7665     | 20 08 33 | -66 09 59 | G7IV       | 2.346 |  2.011 |  1.939 | 99 |  1.878 |  99         | 99 | 99
HR7710     | 20 11 18 | -00 49 18 | B9.5III    | 3.348 |  3.350 |  3.369 | 99 |  3.378 |  3.387      | 99 | 99
HR7754     | 20 18 03 | -12 32 42 | G6/G8III   | 2.077 |  1.577 |  1.488 | 99 |  1.428 |  1.509      | 99 | 99
HR7773     | 20 20 40 | -12 45 32 | B9IV       | 4.842 |  4.846 |  4.859 | 99 |  4.893 |  4.887      | 99 | 99
HR7869     | 20 37 34 | -47 17 33 | K0IIICN    | 1.481 |  0.934 |  0.851 | 99 |  0.785 |  0.883      | 99 | 99
HR7936     | 20 46 06 | -25 16 08 | F5V        | 3.385 |  3.174 |  3.142 | 99 |  3.118 |  99         | 99 | 99
HR7950     | 20 47 40 | -09 29 43 | A1V        | 3.744 |  3.703 |  3.707 | 99 |  3.702 |  3.676      | 99 | 99
HR8042     | 21 02 12 | -43 00 02 | G3IV+      | 5.511 |  5.141 |  5.085 | 99 |  5.053 |  5.066      | 99 | 99
HR8100     | 21 12 13 | -40 15 59 | F5IV       | 5.055 |  4.827 |  4.800 | 99 |  99    |  99         | 99 | 99
HD201916   | 21 12 35 | +00 53 35 | F0         | 8.047 |  7.853 |  7.828 | 99 |  99    |  99         | 99 | 99
HD201941   | 21 12 45 | +02 38 35 | A2         | 6.741 |  6.653 |  6.640 | 99 |  99    |  99         | 99 | 99
HR8117     | 21 15 14 | -40 30 23 | K2III      | 4.348 |  3.721 |  3.617 | 99 |  99    |  99         | 99 | 99
HD202964   | 21 20 21 | -38 24 16 | F3V        | 8.652 |  8.323 |  8.280 | 99 |  99    |  99         | 99 | 99
HR8167     | 21 22 15 | -16 50 05 | G8III      | 2.826 |  2.351 |  2.271 | 99 |  2.204 |  2.247      | 99 | 99
HR8181     | 21 26 26 | -65 22 39 | F6V        | 3.287 |  2.986 |  2.954 | 99 |  2.922 |  2.916      | 99 | 99
HR8205     | 21 26 28 | +01 06 20 | F5V        | 5.317 |  5.087 |  5.062 | 99 |  5.034 |  99         | 99 | 99
HR8204     | 21 26 40 | -22 24 42 | G4Ibp      | 2.382 |  1.952 |  1.865 | 99 |  1.794 |  1.857      | 99 | 99
HR8222     | 21 29 59 | -19 08 50 | F3V        | 5.817 |  5.600 |  5.565 | 99 |  5.551 |  99         | 99 | 99
HR8232     | 21 31 33 | -05 34 16 | G0Ib       | 1.577 |  1.204 |  1.153 | 99 |  1.060 |  1.072      | 99 | 99
HD205772   | 21 38 41 | -41 02 53 | A5IV/V     | 7.797 |  7.690 |  7.676 | 99 |  7.695 |  99         | 99 | 99
HR8278     | 21 40 05 | -16 39 44 | A7mp       | 3.217 |  3.082 |  3.056 | 99 |  3.041 |  3.030      | 99 | 99
HR8283     | 21 41 33 | -14 02 36 | G2V        | 4.012 |  3.654 |  3.602 | 99 |  3.578 |  3.563      | 99 | 99
HD207288   | 21 48 18 | -17 37 00 | G8V        | 8.838 |  8.394 |  8.329 | 99 |  99    |  99         | 99 | 99
HR8353     | 21 53 55 | -37 21 53 | B8III      | 3.242 |  3.274 |  3.311 | 99 |  3.336 |  3.333      | 99 | 99
HR8387     | 22 02 57 | -56 45 03 | K4.5V      | 2.872 |  2.290 |  2.194 | 99 |  2.126 |  2.181      | 99 | 99
HR8414     | 22 05 47 | -00 19 11 | G2Ib       | 1.546 |  1.067 |  0.967 | 99 |  0.888 |  1.007      | 99 | 99
HR8425     | 22 08 13 | -46 57 33 | B7IV       | 2.052 |  2.084 |  2.117 | 99 |  2.149 |  2.148      | 99 | 99
HR8431     | 22 08 23 | -32 59 18 | A2V        | 4.423 |  4.379 |  4.372 | 99 |  4.362 |  4.344      | 99 | 99
HD210427   | 22 10 48 | -26 53 00 | G1V        | 9.306 |  8.975 |  8.917 | 99 |  8.946 |  99         | 99 | 99
HD210863   | 22 13 26 | -08 13 46 | G0         | 8.615 |  8.299 |  8.260 | 99 |  99    |  99         | 99 | 99
HR8477     | 22 14 36 | -41 22 15 | G5V        | 5.100 |  4.743 |  4.695 | 99 |  4.683 |  4.678      | 99 | 99
HD211131   | 22 15 30 | -29 07 00 | G8V        | 8.535 |  8.061 |  8.000 | 99 |  99    |  99         | 99 | 99
HD211290   | 22 16 24 | -14 34 00 | K1III:     | 7.933 |  7.329 |  7.220 | 99 |  99    |  99         | 99 | 99
HR8499     | 22 16 50 | -07 46 59 | G8III      | 2.641 |  2.133 |  2.048 | 99 |  99    |  99         | 99 | 99
HR8531     | 22 24 55 | -57 47 34 | G3IV       | 4.173 |  3.805 |  3.749 | 99 |  3.709 |  3.722      | 99 | 99
HD212874   | 22 27 19 | +04 02 51 | A2         | 9.092 |  8.928 |  8.908 | 99 |  99    |  99         | 99 | 99
HR8551     | 22 27 51 | +04 41 59 | K0III      | 3.027 |  2.413 |  2.318 | 99 |  99    |  99         | 99 | 99
HR8556     | 22 29 16 | -43 29 44 | G7III      | 2.364 |  1.838 |  1.742 | 99 |  1.664 |  1.761      | 99 | 99
HD214497   | 22 38 48 | -14 48 00 | F6V        | 9.259 |  8.973 |  8.937 | 99 |  99    |  99         | 99 | 99
HD216009   | 22 49 51 | -44 25 26 | A0V        | 8.012 |  7.968 |  7.966 | 99 |  99    |  99         | 99 | 99
HR8700     | 22 53 37 | -48 35 50 | G0V        | 5.013 |  4.699 |  4.657 | 99 |  4.636 |  4.638      | 99 | 99
HR8709     | 22 54 39 | -15 49 14 | A3V        | 3.148 |  3.088 |  3.081 | 99 |  3.072 |  3.059      | 99 | 99
HR8701     | 22 54 40 | -70 04 30 | G2.5IV     | 4.973 |  4.641 |  4.591 | 99 |  4.566 |  4.550      | 99 | 99
HR8728     | 22 57 38 | -29 37 12 | A3V        | 1.055 |  1.020 |  1.020 | 99 |  1.019 |  1.004      | 99 | 99
HR8781     | 23 04 45 | +15 12 21 | B9III      | 2.570 |  2.550 |  2.526 | 99 |  2.548 |  2.546      | 99 | 99
HD218814   | 23 11 42 | -56 47 23 | A6V        | 9.367 |  9.265 |  9.246 | 99 |  99    |  99         | 99 | 99
HR8848     | 23 17 26 | -58 14 13 | F1III      | 3.242 |  3.013 |  2.981 | 99 |  2.951 |  2.922      | 99 | 99
HD219761   | 23 18 46 | -47 26 07 | B9V        | 6.650 |  6.624 |  6.635 | 99 |  6.615 |  99         | 99 | 99
HR8892     | 23 22 59 | -20 05 57 | K0III      | 2.124 |  1.490 |  1.393 | 99 |  1.313 |  1.426      | 99 | 99
HD221462   | 23 32 27 | -24 55 55 | G3V        | 8.643 |  8.295 |  8.250 | 99 |  99    |  99         | 99 | 99
HR8959     | 23 37 51 | -45 29 32 | A2V        | 4.601 |  4.548 |  4.545 | 99 |  99    |  99         | 99 | 99
HR8998     | 23 44 12 | -18 16 37 | B9V        | 5.400 |  5.402 |  5.424 | 99 |  99    |  99         | 99 | 99
HR9076     | 23 59 55 | -65 34 37 | B9IV       | 4.616 |  4.623 |  4.642 | 99 |  4.636 |  4.660      | 99 | 99
#
# end of file
#
