# CATALOG
# eclipse IR standard star catalog: raw database
#
# $Id: LCO-Palomar-NICMOS-Red-Stars,v 1.3 2003/08/25 06:54:54 yjung Exp $
# $Author: yjung $
# $Date: 2003/08/25 06:54:54 $
# $Revision: 1.3 $
#
# Name      | Ra         |  Dec      | Sp |  J     |  H     |  K     | Ks     | L  | M  | L' | M'
BRI0021     | 00 24 24.6 | -01 58 22 | -- | 11.835 | 11.086 | 10.552 | 10.561 | 99 | 99 | 99 | 99
T832-38078  | 03 04 02.0 |  00 45 52 | -- | 11.833 | 11.248 | 10.890 | 10.913 | 99 | 99 | 99 | 99
LHS191      | 04 26 20.1 |  03 36 40 | -- | 11.621 | 11.058 | 10.667 | 10.717 | 99 | 99 | 99 | 99
IRAS537W    | 05 10 10.5 | -07 27 38 | -- | 12.974 | 11.032 | 9.981  | 10.013 | 99 | 99 | 99 | 99
IRAS537S    | 05 40 15.4 | -07 28 46 | -- | 13.855 | 12.087 | 10.972 | 11.035 | 99 | 99 | 99 | 99
LHS2026     | 08 32 30.5 | -01 34 37 | -- | 12.066 | 11.497 | 11.129 | 11.156 | 99 | 99 | 99 | 99
LHS2397a    | 11 21 49.2 | -13 13 10 | -- | 11.897 | 11.190 | 10.691 | 10.709 | 99 | 99 | 99 | 99
cskd-8      | 12 31 13.3 | -63 40 21 | -- | 11.741 | 9.913  | 9.151  | 9.137  | 99 | 99 | 99 | 99
cskd-9      | 12 31 16.7 | -63 40 11 | -- | 11.372 | 9.788  | 9.161  | 9.154  | 99 | 99 | 99 | 99
cskd-12     | 12 31 30.0 | -63 42 41 | -- | 11.585 | 9.506  | 8.617  | 8.608  | 99 | 99 | 99 | 99
cskd-15a    | 12 31 44.5 | -63 49 08 | -- | 10.879 | 9.286  | 8.625  | 8.617  | 99 | 99 | 99 | 99
cske-23     | 12 31 56.0 | -63 37 43 | -- | 10.624 | 8.762  | 7.917  | 7.889  | 99 | 99 | 99 | 99
cskd-16     | 12 31 57.8 | -63 42 21 | -- | 11.986 | 9.982  | 9.137  | 9.124  | 99 | 99 | 99 | 99
cskd-18     | 12 31 59.2 | -63 41 42 | -- | 9.365  | 9.058  | 8.999  | 8.992  | 99 | 99 | 99 | 99
cskd-20     | 12 32 04.0 | -63 43 46 | -- | 9.903  | 8.590  | 8.089  | 8.077  | 99 | 99 | 99 | 99
cskd-21     | 12 32 10.9 | -63 43 16 | -- | 10.382 | 9.918  | 9.647  | 9.658  | 99 | 99 | 99 | 99
cskd-34     | 12 31 23.6 | -63 43 46 | -- | 12.494 | 10.537 | 9.677  | 9.668  | 99 | 99 | 99 | 99
cskd-37     | 12 31 30.1 | -63 47 12 | -- | 12.489 | 10.415 | 9.528  | 9.513  | 99 | 99 | 99 | 99
cskf-12     | 12 31 30.1 | -63 51 03 | -- | 9.671  | 8.858  | 8.561  | 8.561  | 99 | 99 | 99 | 99
cskf-13a    | 12 31 39.5 | -63 51 03 | -- | 10.631 | 9.861  | 9.486  | 9.506  | 99 | 99 | 99 | 99
cskf-14a    | 12 31 45.9 | -63 49 36 | -- | 10.095 | 8.851  | 8.387  | 8.361  | 99 | 99 | 99 | 99
T868-53850  | 15 00 26.4 | -00 39 29 | -- | 11.589 | 10.993 | 10.633 | 10.657 | 99 | 99 | 99 | 99
T868-110639 | 15 10 17.0 | -02 41 05 | -- | 12.612 | 11.865 | 11.336 | 11.353 | 99 | 99 | 99 | 99
L134        | 15 53 38.4 | -04 39 04 | -- | 11.408 | 9.627  | 8.875  | 8.898  | 99 | 99 | 99 | 99
OphN9       | 16 27 13.3 | -24 41 34 | -- | 17.549 | 12.389 | 9.527  | 9.620  | 99 | 99 | 99 | 99
L517        | 18 51 15.6 | -04 16 02 | -- | 11.872 | 9.831  | 8.888  | 8.870  | 99 | 99 | 99 | 99
BRI2202     | 22 05 36.0 | -11 04 27 | -- | 11.652 | 11.083 | 10.721 | 10.736 | 99 | 99 | 99 | 99
#
# end of file
#
