# CATALOG
# eclipse IR standard star catalog: raw database
#
# $Id: MSSSO-Spectroscopic,v 1.2 2002/05/02 13:50:32 ndevilla Exp $
# $Author: ndevilla $
# $Date: 2002/05/02 13:50:32 $
# $Revision: 1.2 $
#
# Name | Ra         |  Dec      | Sp      |  J   |  H   |  K   | Ks | L     | M  | L' | M'
BS9095 | 00 02 57.5 | -20 02 46 | F6V     | 99   | 99   | 99   | 99 | 99    | 99 | 99 | 99
BS9088 | 00 02 10.1 | +27 04 56 | G2V     | 4.37 | 3.95 | 3.87 | 99 | 99    | 99 | 99 | 99
BS32   | 00 10 38.7 | -73 13 29 | F2V+F6V | 99   | 99   | 99   | 99 | 99    | 99 | 99 | 99
BS33   | 00 11 15.8 | -15 28 05 | F7V     | 3.94 | 3.68 | 3.65 | 99 | 3.63  | 99 | 99 | 99
BS35   | 00 01 43.9 | -35 07 59 | F4V     | 99   | 99   | 99   | 99 | 99    | 99 | 99 | 99
BS39   | 00 13 14.1 | +15 11 01 | B2IV    | 3.35 | 3.47 | 3.52 | 99 | 3.58  | 99 | 99 | 99
BS77   | 00 20 04.2 | -64 52 30 | F9V     | 3.17 | 2.87 | 2.83 | 99 | 2.81  | 99 | 99 | 99
BS88   | 00 22 51.7 | -12 12 34 | G2V     | 5.27 | 4.95 | 4.88 | 99 | 99    | 99 | 99 | 99
BS100  | 00 26 12.1 | -43 40 48 | A7V     | 3.64 | 3.55 | 3.54 | 99 | 3.48  | 99 | 99 | 99
BS142  | 00 35 14.8 | -03 35 34 | F8V     | 99   | 99   | 99   | 99 | 99    | 99 | 99 | 99
BS145  | 00 35 54.7 | +13 12 24 | F7V     | 99   | 99   | 99   | 99 | 99    | 99 | 99 | 99
BS147  | 00 35 41.0 | -48 00 04 | F6V     | 99   | 99   | 99   | 99 | 99    | 99 | 99 | 99
BS187  | 00 42 28.4 | -65 28 05 | F6V     | 99   | 99   | 99   | 99 | 99    | 99 | 99 | 99
BS225  | 00 48 58.6 | +16 56 26 | F8V     | 99   | 99   | 99   | 99 | 99    | 99 | 99 | 99
BS314  | 01 05 51.3 | +04 54 34 | F6V     | 99   | 99   | 99   | 99 | 99    | 99 | 99 | 99
BS366  | 01 14 24.0 | -07 55 23 | F5V     | 99   | 99   | 99   | 99 | 99    | 99 | 99 | 99
BS368  | 01 14 49.1 | -00 58 26 | F5V     | 99   | 99   | 99   | 99 | 99    | 99 | 99 | 99
BS370  | 01 15 11.1 | -45 31 54 | F8V     | 4.00 | 3.71 | 3.67 | 99 | 3.64  | 99 | 99 | 99
BS443  | 01 31 39.0 | -45 34 32 | A2V     | 6.05 | 6.03 | 6.03 | 99 | 99    | 99 | 99 | 99
BS447  | 01 32 36.3 | -49 43 40 | F4V     | 99   | 99   | 99   | 99 | 99    | 99 | 99 | 99
BS448  | 01 33 42.8 | -07 01 31 | G2IV    | 4.67 | 4.35 | 4.28 | 99 | 99    | 99 | 99 | 99
BS506  | 01 42 29.3 | -53 44 26 | F8V     | 99   | 99   | 99   | 99 | 99    | 99 | 99 | 99
BS512  | 01 37 55.6 | -82 58 30 | G2V     | 4.79 | 4.52 | 4.44 | 99 | 4.37  | 99 | 99 | 99
BS531  | 01 49 35.0 | -10 41 11 | F3III   | 99   | 3.90 | 3.89 | 99 | 99    | 99 | 99 | 99
BS535  | 01 49 48.8 | -38 24 14 | F8V     | 99   | 99   | 99   | 99 | 99    | 99 | 99 | 99
Y392   | 01 52 49.0 | -22 26 06 | M1V     | 6.06 | 5.39 | 5.22 | 99 | 5.11  | 99 | 99 | 99
BS544  | 01 53 04.8 | +29 34 44 | F6IV    | 2.51 | 99   | 2.25 | 99 | 99    | 99 | 99 | 99
BS573  | 01 57 00.0 | -51 45 58 | F6-7V   | 99   | 99   | 99   | 99 | 99    | 99 | 99 | 99
BS612  | 02 04 29.4 | -29 17 49 | B9.5p   | 4.97 | 5.02 | 5.07 | 99 | 5.11  | 99 | 99 | 99
BS624  | 02 09 23.1 | +17 13 28 | F5V     | 99   | 99   | 99   | 99 | 99    | 99 | 99 | 99
BS638  | 02 11 22.2 | -10 03 08 | F5V     | 99   | 99   | 99   | 99 | 99    | 99 | 99 | 99
BS646  | 02 12 48.0 | +21 12 39 | F5V     | 99   | 99   | 99   | 99 | 99    | 99 | 99 | 99
BS674  | 02 16 30.6 | -51 30 44 | B8V-IV  | 3.78 | 3.83 | 3.87 | 99 | 3.89  | 99 | 99 | 99
BS705  | 02 21 45.1 | -68 39 34 | A3V     | 4.00 | 3.97 | 3.96 | 99 | 3.96  | 99 | 99 | 99
BS718  | 02 28 09.5 | +08 27 36 | B9III   | 4.38 | 4.43 | 4.42 | 99 | 4.44  | 99 | 99 | 99
BS721  | 02 26 59.1 | -47 42 14 | B5IV    | 4.50 | 4.54 | 4.59 | 99 | 99    | 99 | 99 | 99
BS740  | 02 32 05.1 | -15 14 41 | F4IV    | 3.86 | 3.62 | 3.59 | 99 | 3.58  | 99 | 99 | 99
BS755  | 02 33 54.6 | -51 05 37 | F6V     | 99   | 99   | 99   | 99 | 99    | 99 | 99 | 99
BS763  | 02 36 37.8 | +12 26 52 | F7V     | 99   | 99   | 99   | 99 | 99    | 99 | 99 | 99
BS772  | 02 36 58.5 | -34 34 42 | G5IV    | 4.63 | 4.33 | 4.26 | 99 | 99    | 99 | 99 | 99
BS777  | 02 38 18.6 | -30 11 40 | F4V     | 99   | 99   | 99   | 99 | 99    | 99 | 99 | 99
BS784  | 02 40 12.3 | -09 27 11 | F6V     | 99   | 99   | 99   | 99 | 99    | 99 | 99 | 99
BS818  | 02 45 06.1 | -18 34 21 | F6V     | 3.60 | 3.38 | 3.34 | 99 | 3.34  | 99 | 99 | 99
BS823  | 02 43 26.6 | -66 42 52 | F5V     | 99   | 99   | 99   | 99 | 99    | 99 | 99 | 99
BS869  | 02 56 26.1 | +18 01 23 | F6V     | 99   | 99   | 99   | 99 | 99    | 99 | 99 | 99
Y642   | 03 06 26.7 | +01 57 57 | M0V     | 6.48 | 5.82 | 5.67 | 99 | 5.60  | 99 | 99 | 99
BS919  | 03 02 23.5 | -23 37 28 | A4IV    | 3.78 | 3.68 | 3.67 | 99 | 3.65  | 99 | 99 | 99
BS962  | 03 12 46.4 | -01 11 46 | F8V     | 99   | 99   | 99   | 99 | 99    | 99 | 99 | 99
BS996  | 03 19 21.6 | +03 22 13 | G5Vv    | 3.65 | 3.35 | 3.27 | 99 | 99    | 99 | 99 | 99
BS1006 | 03 17 46.1 | -62 34 32 | G3--5V  | 4.39 | 4.06 | 4.00 | 99 | 99    | 99 | 99 | 99
BS1013 | 03 20 45.1 | -26 36 23 | F7V     | 99   | 99   | 99   | 99 | 99    | 99 | 99 | 99
BS1076 | 03 30 13.5 | -41 22 12 | F7V     | 99   | 99   | 99   | 99 | 99    | 99 | 99 | 99
BS1093 | 03 33 56.8 | -31 04 49 | F5V     | 99   | 99   | 99   | 99 | 99    | 99 | 99 | 99
BS1101 | 03 36 52.3 | +00 24 06 | F9V     | 3.22 | 99   | 2.90 | 99 | 99    | 99 | 99 | 99
BS1140 | 03 44 48.1 | +24 17 22 | B7IV    | 5.52 | 5.50 | 5.51 | 99 | 99    | 99 | 99 | 99
BS1144 | 03 45 09.7 | +24 50 21 | B8V     | 5.78 | 5.81 | 5.84 | 99 | 99    | 99 | 99 | 99
BS1165 | 03 47 29.0 | +24 06 18 | B7IIIe  | 2.93 | 2.94 | 2.94 | 99 | 2.92  | 99 | 99 | 99
BS1233 | 03 59 40.6 | +10 19 51 | F5V     | 99   | 99   | 99   | 99 | 99    | 99 | 99 | 99
BS1239 | 04 00 40.8 | +12 29 25 | B3V+A4IV | 3.63 | 3.67 | 3.68 | 99 | 3.69 | 99 | 99 | 99
BS1249 | 04 02 36.7 | -00 16 08 | F5V     | 99   | 99   | 99   | 99 | 99    | 99 | 99 | 99
BS1291 | 04 08 33.9 | -45 51 54 | F2V     | 5.87 | 5.64 | 5.61 | 99 | 99    | 99 | 99 | 99
BS1294 | 04 07 21.6 | -64 13 21 | G3V     | 5.22 | 4.90 | 4.84 | 99 | 99    | 99 | 99 | 99
BS1302 | 04 10 50.5 | -41 59 37 | A9V     | 4.29 | 4.11 | 4.08 | 99 | 4.07  | 99 | 99 | 99
BS1309 | 04 13 33.0 | +07 42 58 | F2V+F5V | 4.55 | 99   | 4.40 | 99 | 99    | 99 | 99 | 99
BS1316 | 04 12 31.6 | -44 22 06 | K3--4III | 4.24 | 3.45 | 3.31 | 99 | 3.20 | 99 | 99 | 99
BS1319 | 04 15 46.2 | +15 24 02 | F5V     | 99   | 99   | 99   | 99 | 99    | 99 | 99 | 99
BS1347 | 04 17 53.6 | -33 47 54 | B9V     | 3.85 | 99   | 3.87 | 99 | 99    | 99 | 99 | 99
BS1380 | 04 24 05.7 | +17 26 38 | A7V     | 4.48 | 4.43 | 4.43 | 99 | 4.39  | 99 | 99 | 99
BS1404 | 04 25 19.1 | -44 09 39 | F6V     | 99   | 99   | 99   | 99 | 99    | 99 | 99 | 99
BS1473 | 04 38 09.4 | +12 30 39 | A6V     | 4.02 | 99   | 3.96 | 99 | 3.93  | 99 | 99 | 99
BS1502 | 04 40 33.6 | -41 51 50 | F2V     | 3.86 | 99   | 3.67 | 99 | 99    | 99 | 99 | 99
BS1538 | 04 48 32.4 | -16 19 47 | F6V     | 99   | 99   | 99   | 99 | 99    | 99 | 99 | 99
BS1545 | 04 49 42.2 | -13 46 10 | F5V     | 99   | 99   | 99   | 99 | 99    | 99 | 99 | 99
BS1552 | 04 51 12.3 | +05 36 18 | B2III   | 4.03 | 4.08 | 4.15 | 99 | 4.20  | 99 | 99 | 99
BS1606 | 04 53 05.6 | -72 24 27 | F6V     | 99   | 99   | 99   | 99 | 99    | 99 | 99 | 99
BS1656 | 05 07 27.0 | +18 38 42 | G4V     | 3.79 | 3.42 | 3.37 | 99 | 3.26  | 99 | 99 | 99
BS1687 | 05 11 19.1 | -02 29 26 | F5V     | 99   | 99   | 99   | 99 | 99    | 99 | 99 | 99
Y1181  | 05 11 40.5 | -45 01 16 | M0V     | 5.82 | 5.30 | 5.07 | 99 | 4.89  | 99 | 99 | 99
BS1748 | 05 19 35.2 | -01 24 43 | B1.5V   | 6.66 | 99   | 6.74 | 99 | 99    | 99 | 99 | 99
BS1765 | 05 21 45.7 | -00 22 57 | B2IV-V  | 5.08 | 99   | 5.22 | 99 | 5.22  | 99 | 99 | 99
BS1785 | 05 23 11.9 | -26 42 21 | F6V     | 99   | 99   | 99   | 99 | 99    | 99 | 99 | 99
Y1255  | 05 31 27.3 | -03 40 39 | M1V     | 4.78 | 4.08 | 3.89 | 99 | 3.77  | 99 | 99 | 99
BS1852 | 05 32 00.3 | -00 17 57 | B0III   | 2.75 | 2.84 | 2.90 | 99 | 2.90  | 99 | 99 | 99
BS1855 | 05 31 55.8 | -07 18 06 | B0V     | 5.15 | 5.29 | 5.40 | 99 | 5.55  | 99 | 99 | 99
BS1912 | 05 33 44.2 | -54 54 08 | F8V     | 99   | 99   | 99   | 99 | 99    | 99 | 99 | 99
BS1931 | 05 33 43.5 | -02 39 28 | O9V     | 4.41 | 4.45 | 4.52 | 99 | 4.57  | 99 | 99 | 99
BS1935 | 05 37 44.6 | -28 41 22 | F4V     | 99   | 99   | 99   | 99 | 99    | 99 | 99 | 99
BS1937 | 05 38 53.0 | -07 12 47 | A4V     | 4.53 | 99   | 4.47 | 99 | 4.35  | 99 | 99 | 99
BS2007 | 05 48 34.9 | -04 05 40 | G4V     | 4.83 | 4.53 | 4.45 | 99 | 99    | 99 | 99 | 99
BS2015 | 05 44 46.5 | -65 44 08 | A7V     | 3.86 | 3.75 | 3.72 | 99 | 3.71  | 99 | 99 | 99
BS2020 | 05 47 17.1 | -51 03 59 | A5V     | 3.56 | 3.50 | 3.49 | 99 | 3.48  | 99 | 99 | 99
BS2022 | 05 37 08.8 | -80 28 09 | G1V     | 99   | 99   | 99   | 99 | 99    | 99 | 99 | 99
BS2047 | 05 54 22.9 | +20 16 34 | G0V     | 3.39 | 3.06 | 3.02 | 99 | 2.92  | 99 | 99 | 99
BS2056 | 05 53 06.8 | -33 48 05 | B5V     | 5.14 | 99   | 5.35 | 99 | 99    | 99 | 99 | 99
BS2085 | 05 56 24.2 | -14 10 04 | F1III   | 3.08 | 2.94 | 2.91 | 99 | 2.90  | 99 | 99 | 99
BS2158 | 06 04 40.1 | -45 04 44 | F4V     | 99   | 99   | 99   | 99 | 99    | 99 | 99 | 99
BS2186 | 06 09 47.8 | -22 46 27 | F6V     | 99   | 99   | 99   | 99 | 99    | 99 | 99 | 99
BS2220 | 06 14 50.8 | +19 09 23 | F6V     | 99   | 99   | 99   | 99 | 99    | 99 | 99 | 99
BS2290 | 06 20 06.1 | -48 44 28 | G3V     | 5.52 | 5.21 | 5.15 | 99 | 99    | 99 | 99 | 99
BS2318 | 06 24 43.9 | -28 46 48 | G0V     | 5.28 | 4.99 | 4.92 | 99 | 4.89  | 99 | 99 | 99
BS2348 | 06 25 43.6 | -48 10 38 | B9V     | 5.84 | 5.85 | 5.87 | 99 | 99    | 99 | 99 | 99
BS2354 | 06 24 26.4 | -63 25 44 | G3III   | 5.37 | 5.04 | 5.00 | 99 | 99    | 99 | 99 | 99
BS2400 | 06 31 18.2 | -51 49 34 | F8V     | 99   | 99   | 99   | 99 | 99    | 99 | 99 | 99
BS2451 | 06 37 45.6 | -43 11 45 | B8III   | 3.33 | 3.36 | 3.38 | 99 | 3.39  | 99 | 99 | 99
BS2548 | 06 49 54.5 | -46 36 52 | F5V     | 4.30 | 4.05 | 4.01 | 99 | 3.98  | 99 | 99 | 99
BS2579 | 06 52 47.0 | -43 58 33 | B8V     | 6.63 | 6.62 | 6.64 | 99 | 99    | 99 | 99 | 99
BS2626 | 06 58 41.7 | -45 46 04 | A0V     | 6.24 | 6.23 | 6.24 | 99 | 99    | 99 | 99 | 99
BS2637 | 07 00 42.6 | -28 29 22 | F5V     | 99   | 99   | 99   | 99 | 99    | 99 | 99 | 99
BS2643 | 07 03 30.4 | +29 20 14 | G4V     | 4.89 | 4.55 | 4.52 | 99 | 99    | 99 | 99 | 99
BS2653 | 07 03 01.4 | -23 50 00 | B3Iab   | 3.21 | 3.25 | 3.26 | 99 | 3.20  | 99 | 99 | 99
BS2667 | 07 03 57.2 | -43 36 29 | G3V     | 4.46 | 4.15 | 4.08 | 99 | 99    | 99 | 99 | 99
BS2668 | 07 03 58.8 | -43 36 42 | K0V     | 5.51 | 5.10 | 5.01 | 99 | 4.97  | 99 | 99 | 99
BS2779 | 07 19 47.7 | +07 08 35 | F8V     | 99   | 99   | 99   | 99 | 99    | 99 | 99 | 99
BS2835 | 07 26 50.2 | +21 32 09 | F6V     | 99   | 99   | 99   | 99 | 99    | 99 | 99 | 99
BS2845 | 07 27 09.0 | +08 17 21 | B8Ve    | 3.00 | 3.05 | 3.03 | 99 | 99    | 99 | 99 | 99
BS2868 | 07 29 21.8 | -14 59 57 | F7V     | 99   | 99   | 99   | 99 | 99    | 99 | 99 | 99
BS2882 | 07 30 42.3 | -37 20 23 | G4V     | 5.55 | 5.24 | 5.18 | 99 | 99    | 99 | 99 | 99
BS2883 | 07 32 05.7 | -08 52 52 | F5V     | 99   | 99   | 99   | 99 | 99    | 99 | 99 | 99
BS3034 | 07 48 05.1 | -25 56 14 | B0Ve    | 4.38 | 4.26 | 4.09 | 99 | 3.72  | 99 | 99 | 99
BS3079 | 07 52 15.6 | -34 42 19 | F5V     | 99   | 99   | 99   | 99 | 99    | 99 | 99 | 99
BS3113 | 07 57 40.1 | -30 20 04 | A2Vv    | 4.34 | 4.23 | 4.21 | 99 | 4.15  | 99 | 99 | 99
BS3131 | 07 59 52.0 | -18 23 58 | A2Vn    | 4.40 | 4.34 | 4.33 | 99 | 4.32  | 99 | 99 | 99
BS3138 | 07 57 46.9 | -60 18 12 | G0V     | 4.57 | 4.24 | 4.21 | 99 | 4.17  | 99 | 99 | 99
BS3176 | 08 07 45.8 | +21 34 54 | G1V     | 4.20 | 3.91 | 3.83 | 99 | 99    | 99 | 99 | 99
BS3202 | 08 10 39.8 | -13 47 57 | F6V     | 99   | 99   | 99   | 99 | 99    | 99 | 99 | 99
BS3271 | 08 20 13.1 | -00 54 34 | F9V     | 99   | 99   | 99   | 99 | 99    | 99 | 99 | 99
BS3274 | 08 17 55.8 | -59 10 01 | F5V     | 99   | 99   | 99   | 99 | 99    | 99 | 99 | 99
BS3299 | 08 25 49.8 | +17 02 46 | F6V     | 99   | 99   | 99   | 99 | 99    | 99 | 99 | 99
BS3314 | 08 25 39.6 | -03 54 23 | A0V     | 3.91 | 3.92 | 3.93 | 99 | 3.95  | 99 | 99 | 99
BS3398 | 08 35 28.1 | -07 58 56 | A1p     | 5.80 | 5.81 | 5.81 | 99 | 99    | 99 | 99 | 99
BS3421 | 08 37 19.9 | -40 08 51 | G4V     | 5.51 | 5.22 | 5.16 | 99 | 99    | 99 | 99 | 99
BS3454 | 08 41 05.2 | +03 23 55 | B3V     | 4.70 | 4.82 | 4.87 | 99 | 5.05  | 99 | 99 | 99
BS3465 | 08 44 45.0 | +10 04 54 | A1p     | 5.83 | 5.85 | 5.89 | 99 | 99    | 99 | 99 | 99
BS3522 | 08 52 35.8 | +28 19 51 | G8V     | 4.59 | 4.14 | 4.07 | 99 | 3.98  | 99 | 99 | 99
BS3570 | 08 55 11.9 | -54 57 56 | F6V     | 99   | 99   | 99   | 99 | 99    | 99 | 99 | 99
BS3578 | 08 58 43.8 | -16 07 58 | F6V     | 4.71 | 4.41 | 4.38 | 99 | 99    | 99 | 99 | 99
BS3650 | 09 12 17.5 | +14 59 46 | G9V     | 5.17 | 4.75 | 4.69 | 99 | 4.59  | 99 | 99 | 99
BS3670 | 09 13 34.5 | -47 20 19 | B9Ve    | 5.93 | 5.94 | 5.94 | 99 | 99    | 99 | 99 | 99
BS3672 | 09 14 08.0 | -44 08 46 | B6IV    | 6.09 | 6.13 | 6.17 | 99 | 99    | 99 | 99 | 99
BS3674 | 09 14 24.4 | -43 13 39 | B4V     | 5.49 | 5.54 | 5.58 | 99 | 99    | 99 | 99 | 99
BS3712 | 09 17 17.2 | -68 41 22 | F4V     | 99   | 99   | 99   | 99 | 99    | 99 | 99 | 99
BS3759 | 09 29 08.8 | -02 46 08 | F6V     | 99   | 99   | 99   | 99 | 99    | 99 | 99 | 99
BS3842 | 09 38 01.4 | -43 11 27 | G8II    | 3.95 | 3.49 | 3.41 | 99 | 3.35  | 99 | 99 | 99
BS3871 | 09 44 12.1 | -27 46 10 | A8V+F7  | 3.70 | 3.33 | 3.26 | 99 | 3.22  | 99 | 99 | 99
BS3961 | 10 04 08.4 | +03 12 04 | F4V     | 99   | 99   | 99   | 99 | 99    | 99 | 99 | 99
BS3991 | 10 10 05.8 | -12 48 58 | F5V     | 99   | 99   | 99   | 99 | 99    | 99 | 99 | 99
BS4005 | 10 12 37.8 | -19 09 13 | F6V     | 99   | 99   | 99   | 99 | 99    | 99 | 99 | 99
V569   | 10 12 17.6 | -03 44 43 | M2V     | 5.90 | 5.26 | 5.03 | 99 | 4.89  | 99 | 99 | 99
BS4013 | 10 13 24.7 | -33 01 55 | G1V     | 5.35 | 5.07 | 5.01 | 99 | 99    | 99 | 99 | 99
BS4023 | 10 14 44.1 | -42 07 19 | A2V     | 3.76 | 3.74 | 3.73 | 99 | 3.73  | 99 | 99 | 99
BS4030 | 10 16 32.2 | +23 30 11 | G2IV    | 4.79 | 4.46 | 4.40 | 99 | 4.42  | 99 | 99 | 99
BS4039 | 10 17 14.5 | +23 06 22 | F8V     | 4.80 | 4.52 | 4.49 | 99 | 99    | 99 | 99 | 99
BS4061 | 10 18 37.5 | -56 06 36 | F6V     | 99   | 99   | 99   | 99 | 99    | 99 | 99 | 99
BS4079 | 10 23 14.5 | +05 41 39 | F6V     | 99   | 99   | 99   | 99 | 99    | 99 | 99 | 99
BS4101 | 10 27 38.9 | +09 45 45 | A0p     | 6.08 | 6.10 | 6.12 | 99 | 99    | 99 | 99 | 99
BS4102 | 10 24 23.7 | -74 01 54 | F2IV    | 3.33 | 3.17 | 3.14 | 99 | 3.14  | 99 | 99 | 99
BS4133 | 10 32 48.6 | +09 18 24 | B1Ib    | 4.18 | 4.22 | 4.26 | 99 | 4.27  | 99 | 99 | 99
BS4157 | 10 36 04.5 | -26 40 30 | F5V     | 99   | 99   | 99   | 99 | 99    | 99 | 99 | 99
BS4167 | 10 37 18.0 | -48 13 33 | F4IV+F3 | 3.28 | 3.14 | 3.11 | 99 | 3.09  | 99 | 99 | 99
BS4213 | 10 44 26.6 | -72 26 38 | F6V     | 99   | 99   | 99   | 99 | 99    | 99 | 99 | 99
BS4281 | 10 59 41.0 | +11 42 21 | F5V     | 99   | 99   | 99   | 99 | 99    | 99 | 99 | 99
BS4369 | 11 16 58.1 | -07 08 07 | A8IV    | 5.91 | 5.77 | 5.79 | 99 | 5.72  | 99 | 99 | 99
BS4373 | 11 17 39.1 | -34 44 14 | F4V     | 99   | 99   | 99   | 99 | 99    | 99 | 99 | 99
BS4413 | 11 25 43.2 | -63 58 22 | F7V     | 99   | 99   | 99   | 99 | 99    | 99 | 99 | 99
BS4455 | 11 34 21.9 | +03 03 37 | F5V     | 99   | 99   | 99   | 99 | 99    | 99 | 99 | 99
BS4488 | 11 38 40.0 | -13 12 07 | F7V     | 99   | 99   | 99   | 99 | 99    | 99 | 99 | 99
BS4520 | 11 45 36.4 | -66 43 43 | A7III   | 3.34 | 3.25 | 3.23 | 99 | 3.21  | 99 | 99 | 99
BS4523 | 11 46 31.0 | -40 30 01 | G5V     | 3.77 | 3.38 | 3.32 | 99 | 99    | 99 | 99 | 99
BS4570 | 11 56 43.8 | -47 04 21 | F5V     | 99   | 99   | 99   | 99 | 99    | 99 | 99 | 99
BS4600 | 12 03 39.5 | -42 26 03 | F6V     | 4.36 | 4.12 | 4.09 | 99 | 4.03  | 99 | 99 | 99
BS4620 | 12 08 14.6 | -48 41 34 | B9V     | 5.30 | 5.29 | 5.28 | 99 | 99    | 99 | 99 | 99
BS4638 | 12 11 39.1 | -52 22 06 | B3V     | 4.33 | 4.40 | 4.45 | 99 | 4.50  | 99 | 99 | 99
BS4657 | 12 15 10.5 | -10 18 45 | F5V     | 99   | 99   | 99   | 99 | 99    | 99 | 99 | 99
BS4689 | 12 19 54.3 | -00 40 00 | A2IV    | 3.81 | 3.78 | 3.78 | 99 | 3.77  | 99 | 99 | 99
BS4743 | 12 28 02.3 | -50 13 51 | B2V     | 4.36 | 4.44 | 4.51 | 99 | 4.51  | 99 | 99 | 99
BS4757 | 12 29 51.8 | -16 30 56 | B9V     | 3.03 | 3.04 | 3.06 | 99 | 3.04  | 99 | 99 | 99
BS4773 | 12 32 28.0 | -72 07 58 | B5V     | 4.18 | 4.25 | 4.30 | 99 | 4.36  | 99 | 99 | 99
BS4802 | 12 37 42.1 | -48 32 28 | A2V     | 3.74 | 3.72 | 3.71 | 99 | 3.71  | 99 | 99 | 99
BS4828 | 12 41 53.0 | +10 14 08 | A0V     | 99   | 4.69 | 4.68 | 99 | 4.69  | 99 | 99 | 99
Y2951  | 12 50 43.5 | -00 46 05 | M0V     | 5.79 | 5.12 | 4.96 | 99 | 4.88  | 99 | 99 | 99
BS4883 | 12 51 41.8 | +27 32 26 | G0III   | 3.73 | 3.44 | 3.36 | 99 | 99    | 99 | 99 | 99
BS4891 | 12 53 11.1 | -03 33 11 | F5V     | 99   | 99   | 99   | 99 | 99    | 99 | 99 | 99
BS4903 | 12 54 58.4 | -44 09 07 | G1V     | 4.87 | 4.58 | 4.51 | 99 | 99    | 99 | 99 | 99
BS4935 | 13 03 46.0 | -20 34 59 | F7V     | 4.60 | 4.28 | 4.26 | 99 | 99    | 99 | 99 | 99
BS4983 | 13 11 52.3 | +27 52 41 | G0V     | 3.19 | 2.92 | 2.88 | 99 | 2.87  | 99 | 99 | 99
BS4989 | 13 14 14.7 | -59 06 12 | F7IV    | 3.99 | 3.73 | 3.68 | 99 | 3.68  | 99 | 99 | 99
BS5000 | 13 16 44.8 | -65 08 17 | F5V     | 99   | 99   | 99   | 99 | 99    | 99 | 99 | 99
BS5028 | 13 20 35.7 | -36 42 44 | A2V     | 2.70 | 2.70 | 2.70 | 99 | 2.70  | 99 | 99 | 99
BS5072 | 13 28 25.7 | +13 46 43 | G2.5V   | 3.71 | 3.32 | 3.25 | 99 | 3.21  | 99 | 99 | 99
BS5082 | 13 33 14.8 | -77 34 05 | F6V     | 99   | 99   | 99   | 99 | 99    | 99 | 99 | 99
BS5107 | 13 34 41.5 | -00 35 46 | A3V     | 99   | 3.08 | 3.06 | 99 | 3.06  | 99 | 99 | 99
BS5128 | 13 38 42.0 | -29 33 39 | F5V     | 99   | 99   | 99   | 99 | 99    | 99 | 99 | 99
BS5132 | 13 39 53.2 | -53 27 59 | B1III   | 2.84 | 2.97 | 3.02 | 99 | 3.04  | 99 | 99 | 99
BS5249 | 13 58 40.7 | -44 48 13 | B2V     | 4.34 | 4.44 | 4.51 | 99 | 4.57  | 99 | 99 | 99
BS5270 | 14 02 31.7 | +09 41 11 | F8IV    | 4.33 | 3.77 | 3.69 | 99 | 99    | 99 | 99 | 99
BS5304 | 14 10 23.9 | +25 05 30 | F9IV    | 3.87 | 99   | 3.54 | 99 | 3.47  | 99 | 99 | 99
BS5356 | 14 19 00.7 | -25 48 56 | F5V     | 99   | 99   | 99   | 99 | 99    | 99 | 99 | 99
BS5384 | 14 23 15.2 | +01 14 30 | G1V     | 5.12 | 4.77 | 4.71 | 99 | 99    | 99 | 99 | 99
BS5387 | 14 23 06.7 | +25 20 17 | F5V     | 99   | 99   | 99   | 99 | 99    | 99 | 99 | 99
BS5412 | 14 30 08.5 | -45 19 18 | B8Vn    | 5.62 | 5.64 | 5.65 | 99 | 99    | 99 | 99 | 99
BS5447 | 14 34 40.7 | +29 44 42 | F2V     | 3.70 | 3.51 | 3.49 | 99 | 3.47  | 99 | 99 | 99
BS5453 | 14 37 53.1 | -49 25 32 | B5V     | 4.38 | 4.44 | 4.49 | 99 | 4.56  | 99 | 99 | 99
BS5455 | 14 36 59.7 | -12 18 20 | F5V     | 99   | 99   | 99   | 99 | 99    | 99 | 99 | 99
BS5457 | 14 39 10.9 | -46 35 03 | F7V     | 5.17 | 4.90 | 4.86 | 99 | 99    | 99 | 99 | 99
BS5471 | 14 41 57.5 | -37 47 37 | B3V     | 4.39 | 4.47 | 4.52 | 99 | 4.56  | 99 | 99 | 99
BS5494 | 14 46 29.0 | -47 26 28 | A1V     | 5.62 | 5.59 | 5.58 | 99 | 99    | 99 | 99 | 99
BS5511 | 14 46 14.9 | +01 53 34 | A0V     | 3.70 | 99   | 3.67 | 99 | 3.67  | 99 | 99 | 99
BS5530 | 14 50 41.1 | -15 59 50 | F4IV    | 4.42 | 4.21 | 4.16 | 99 | 4.10  | 99 | 99 | 99
Y3375B | 14 57 26.6 | -21 24 44 | M2V     | 4.80 | 4.16 | 3.94 | 99 | 3.77  | 99 | 99 | 99
BS5568 | 14 57 27.9 | -21 24 56 | K4V     | 3.83 | 3.24 | 3.17 | 99 | 3.08  | 99 | 99 | 99
BS5570 | 14 57 10.9 | -04 20 47 | F0V     | 3.88 | 99   | 3.67 | 99 | 3.63  | 99 | 99 | 99
BS5571 | 14 58 31.8 | -43 08 02 | B2III   | 3.17 | 3.26 | 3.33 | 99 | 3.38  | 99 | 99 | 99
BS5586 | 15 00 58.3 | -08 31 08 | B9.5V   | 99   | 4.68 | 4.68 | 99 | 4.66  | 99 | 99 | 99
BS5634 | 15 07 18.0 | +24 52 09 | F5V     | 4.12 | 3.90 | 3.88 | 99 | 3.89  | 99 | 99 | 99
BS5646 | 15 11 56.0 | -48 44 16 | B9.5Vne | 3.91 | 3.92 | 3.93 | 99 | 3.91  | 99 | 99 | 99
BS5699 | 15 21 48.1 | -48 19 03 | G4V     | 4.51 | 4.16 | 4.10 | 99 | 99    | 99 | 99 | 99
BS5712 | 15 23 09.2 | -36 51 30 | B4V     | 4.90 | 4.95 | 5.00 | 99 | 5.02  | 99 | 99 | 99
BS5747 | 15 27 49.7 | +29 06 20 | F0p     | 3.36 | 3.28 | 3.27 | 99 | 3.28  | 99 | 99 | 99
BS5758 | 15 30 55.4 | +08 34 45 | F4Vw    | 99   | 99   | 99   | 99 | 99    | 99 | 99 | 99
BS5803 | 15 39 56.3 | -59 54 30 | F6V     | 99   | 99   | 99   | 99 | 99    | 99 | 99 | 99
BS5816 | 15 38 40.0 | -08 47 28 | F6V     | 99   | 99   | 99   | 99 | 99    | 99 | 99 | 99
BS5867 | 15 46 11.2 | +15 25 18 | A2IV    | 3.47 | 99   | 3.42 | 99 | 3.41  | 99 | 99 | 99
BS5868 | 15 46 26.5 | +07 21 11 | G0V     | 3.41 | 3.06 | 3.00 | 99 | 99    | 99 | 99 | 99
BS5923 | 15 56 13.8 | -31 47 09 | F6V     | 99   | 99   | 99   | 99 | 99    | 99 | 99 | 99
BS5928 | 15 56 53.0 | -29 12 50 | B2IV-V  | 4.35 | 4.42 | 4.47 | 99 | 4.50  | 99 | 99 | 99
BS5993 | 16 06 48.3 | -20 40 09 | B1V     | 4.02 | 4.05 | 4.09 | 99 | 4.14  | 99 | 99 | 99
BS5996 | 16 07 03.3 | -14 04 16 | G4IV-V  | 5.24 | 4.93 | 4.87 | 99 | 99    | 99 | 99 | 99
BS6012 | 16 09 55.1 | -18 20 27 | F4V     | 99   | 99   | 99   | 99 | 99    | 99 | 99 | 99
BS6094 | 16 24 01.2 | -39 11 35 | G5V     | 4.31 | 4.00 | 3.93 | 99 | 99    | 99 | 99 | 99
BS6095 | 16 21 55.1 | +19 09 11 | A9III   | 3.19 | 99   | 3.02 | 99 | 2.98  | 99 | 99 | 99
BS6117 | 16 25 24.9 | +14 02 00 | B9p     | 99   | 4.59 | 4.52 | 99 | 4.53  | 99 | 99 | 99
BS6141 | 16 30 12.4 | -25 06 54 | B2V     | 5.02 | 5.08 | 5.11 | 99 | 5.19  | 99 | 99 | 99
BS6165 | 16 35 52.9 | -28 12 58 | B0V     | 3.55 | 3.51 | 3.59 | 99 | 3.56  | 99 | 99 | 99
BS6171 | 16 36 21.3 | -02 19 29 | K2V     | 4.34 | 3.91 | 3.86 | 99 | 99    | 99 | 99 | 99
BS6310 | 17 00 09.4 | -24 59 21 | F4V     | 99   | 99   | 99   | 99 | 99    | 99 | 99 | 99
BS6314 | 17 03 08.6 | -53 14 13 | F6V     | 99   | 99   | 99   | 99 | 99    | 99 | 99 | 99
BS6328 | 17 01 09.5 | +27 11 47 | F5V     | 99   | 99   | 99   | 99 | 99    | 99 | 99 | 99
BS6353 | 17 05 32.1 | -00 53 32 | B1V     | 5.28 | 5.33 | 5.29 | 99 | 5.35  | 99 | 99 | 99
BS6371 | 17 10 42.2 | -44 33 27 | G8+K0III | 3.60 | 3.11 | 3.04 | 99 | 3.01 | 99 | 99 | 99
BS6416 | 17 19 03.1 | -46 38 02 | G8--K0V | 3.94 | 3.44 | 3.35 | 99 | 3.31  | 99 | 99 | 99
BS6441 | 17 20 34.1 | -19 19 58 | G3IV    | 5.53 | 5.25 | 5.18 | 99 | 99    | 99 | 99 | 99
BS6454 | 17 22 37.9 | -35 54 36 | F7V     | 99   | 99   | 99   | 99 | 99    | 99 | 99 | 99
BS6496 | 17 27 02.0 | -12 30 45 | F7V     | 99   | 99   | 99   | 99 | 99    | 99 | 99 | 99
BS6500 | 17 31 05.9 | -60 41 01 | B8Vn    | 3.77 | 3.81 | 3.83 | 99 | 3.86  | 99 | 99 | 99
BS6541 | 17 33 22.7 | +19 15 24 | F6V     | 99   | 99   | 99   | 99 | 99    | 99 | 99 | 99
BS6548 | 17 34 36.6 | +09 35 12 | A2V     | 5.72 | 99   | 5.65 | 99 | 5.66  | 99 | 99 | 99
BS6537 | 17 35 39.4 | -46 30 20 | A0V     | 4.53 | 4.51 | 4.51 | 99 | 99    | 99 | 99 | 99
BS6572 | 17 41 16.1 | -46 55 19 | A0V     | 5.73 | 5.71 | 5.71 | 99 | 99    | 99 | 99 | 99
BS6601 | 17 43 46.9 | -07 04 46 | B1.5V   | 5.56 | 5.41 | 5.35 | 99 | 5.29  | 99 | 99 | 99
BS6629 | 17 47 53.5 | +02 42 26 | A0V     | 3.65 | 3.64 | 3.64 | 99 | 3.68  | 99 | 99 | 99
BS6676 | 17 54 14.0 | +11 07 49 | F5Vn    | 99   | 99   | 99   | 99 | 99    | 99 | 99 | 99
BS6733 | 18 03 04.8 | -08 10 50 | F5V     | 99   | 99   | 99   | 99 | 99    | 99 | 99 | 99
BS6736 | 18 03 52.3 | -24 21 38 | O8If    | 5.80 | 5.77 | 5.77 | 99 | 99    | 99 | 99 | 99
BS6748 | 18 06 23.6 | -36 01 11 | G5V     | 4.92 | 4.63 | 4.57 | 99 | 99    | 99 | 99 | 99
BS6751 | 18 12 34.4 | -73 40 18 | F5V     | 99   | 99   | 99   | 99 | 99    | 99 | 99 | 99
BS6758 | 18 05 43.2 | +12 00 14 | A7p     | 6.91 | 6.81 | 6.87 | 99 | 7.01  | 99 | 99 | 99
BS6771 | 18 07 20.9 | +09 33 50 | A4IV    | 3.48 | 99   | 3.42 | 99 | 3.36  | 99 | 99 | 99
BS6797 | 18 09 53.9 | +03 07 11 | F5V     | 99   | 99   | 99   | 99 | 99    | 99 | 99 | 99
BS6823 | 18 15 12.8 | -20 23 17 | O9II    | 5.92 | 5.89 | 5.90 | 99 | 5.90  | 99 | 99 | 99
BS6828 | 18 19 40.1 | -63 53 13 | F9V     | 99   | 99   | 99   | 99 | 99    | 99 | 99 | 99
BS6907 | 18 27 49.4 | -29 48 59 | F9V     | 99   | 99   | 99   | 99 | 99    | 99 | 99 | 99
BS6917 | 18 25 58.7 | +29 49 44 | A2IV    | 5.67 | 99   | 5.64 | 99 | 5.59  | 99 | 99 | 99
BS7034 | 18 43 51.2 | -06 49 07 | F7V     | 99   | 99   | 99   | 99 | 99    | 99 | 99 | 99
BS7038 | 18 45 18.5 | -21 00 05 | F5V     | 99   | 99   | 99   | 99 | 99    | 99 | 99 | 99
BS7061 | 18 45 39.6 | +20 32 47 | F6V     | 3.32 | 99   | 3.06 | 99 | 3.03  | 99 | 99 | 99
BS7167 | 18 58 46.8 | +13 54 24 | F0p     | 5.47 | 5.38 | 5.35 | 99 | 5.34  | 99 | 99 | 99
BS7213 | 19 06 19.8 | -52 20 27 | F7V     | 99   | 99   | 99   | 99 | 99    | 99 | 99 | 99
BS7230 | 19 05 41.0 | -15 39 37 | B9V     | 5.97 | 5.98 | 5.97 | 99 | 5.97  | 99 | 99 | 99
BS7235 | 19 05 24.5 | +13 51 48 | A0Vn    | 2.91 | 99   | 2.90 | 99 | 2.89  | 99 | 99 | 99
BS7236 | 19 06 14.8 | -04 52 57 | B9V     | 3.60 | 3.66 | 3.66 | 99 | 3.66  | 99 | 99 | 99
BS7253 | 19 06 37.6 | +28 37 43 | F0III   | 5.02 | 4.87 | 4.85 | 99 | 99    | 99 | 99 | 99
BS7280 | 19 11 30.8 | +26 44 09 | F5V     | 99   | 99   | 99   | 99 | 99    | 99 | 99 | 99
BS7330 | 19 21 29.8 | -34 59 02 | G5V     | 5.38 | 5.05 | 4.97 | 99 | 99    | 99 | 99 | 99
BS7340 | 19 21 40.3 | -17 50 50 | F0IV    | 3.49 | 3.40 | 3.37 | 99 | 3.36  | 99 | 99 | 99
BS7354 | 19 22 48.3 | +09 54 46 | F6V     | 99   | 99   | 99   | 99 | 99    | 99 | 99 | 99
BS7393 | 19 30 34.4 | -55 06 36 | F5V     | 99   | 99   | 99   | 99 | 99    | 99 | 99 | 99
BS7446 | 19 36 53.4 | -07 01 39 | B1III   | 5.01 | 5.04 | 5.06 | 99 | 5.05  | 99 | 99 | 99
BS7454 | 19 37 34.3 | -14 18 06 | F5V     | 99   | 99   | 99   | 99 | 99    | 99 | 99 | 99
BS7631 | 20 00 20.2 | -33 42 14 | F7V     | 99   | 99   | 99   | 99 | 99    | 99 | 99 | 99
BS7644 | 20 05 32.6 | -67 19 15 | G3V     | 4.97 | 4.62 | 4.57 | 99 | 99    | 99 | 99 | 99
BS7658 | 20 03 44.2 | -22 35 44 | F6V     | 99   | 99   | 99   | 99 | 99    | 99 | 99 | 99
BS7710 | 20 11 18.2 | -00 49 17 | B9III   | 3.35 | 3.37 | 3.37 | 99 | 3.37  | 99 | 99 | 99
Y4794  | 20 13 53.3 | -45 09 47 | M0V     | 5.11 | 4.47 | 4.28 | 99 | 4.15  | 99 | 99 | 99
BS7749 | 20 19 17.8 | -47 34 49 | F5V     | 99   | 99   | 99   | 99 | 99    | 99 | 99 | 99
BS7773 | 20 20 39.7 | -12 45 33 | B9V     | 4.81 | 4.85 | 4.85 | 99 | 4.85  | 99 | 99 | 99
BS7779 | 20 22 27.4 | -42 02 59 | A0V     | 5.58 | 5.58 | 5.58 | 99 | 99    | 99 | 99 | 99
BS7787 | 20 23 53.1 | -42 25 23 | A5V     | 5.26 | 5.15 | 5.12 | 99 | 99    | 99 | 99 | 99
BS7855 | 20 34 11.6 | -13 43 16 | F6V     | 99   | 99   | 99   | 99 | 99    | 99 | 99 | 99
BS7875 | 20 40 02.4 | -60 32 56 | F8V     | 99   | 99   | 99   | 99 | 99    | 99 | 99 | 99
BS7906 | 20 39 38.2 | +15 54 43 | B9IV    | 3.85 | 99   | 3.88 | 99 | 3.84  | 99 | 99 | 99
BS7914 | 20 40 45.1 | +19 56 07 | G5V     | 5.36 | 5.02 | 4.97 | 99 | 99    | 99 | 99 | 99
Y4924  | 20 42 18.4 | -52 41 56 | K7V     | 6.31 | 5.65 | 5.50 | 99 | 5.41  | 99 | 99 | 99
BS7950 | 20 47 40.5 | -09 29 45 | A1V     | 3.71 | 3.70 | 3.70 | 99 | 3.68  | 99 | 99 | 99
BS7973 | 20 49 37.7 | +12 32 43 | F5V     | 99   | 99   | 99   | 99 | 99    | 99 | 99 | 99
BS7982 | 20 51 25.6 | -05 37 35 | F5V+F7V | 99   | 99   | 99   | 99 | 99    | 99 | 99 | 99
BS8031 | 20 59 59.5 | -36 07 45 | F5V     | 99   | 99   | 99   | 99 | 99    | 99 | 99 | 99
BS8042 | 21 02 12.5 | -43 00 07 | K0IV    | 5.52 | 5.20 | 5.12 | 99 | 5.05  | 99 | 99 | 99
BS8056 | 21 03 02.9 | +01 31 55 | F5V     | 99   | 99   | 99   | 99 | 99    | 99 | 99 | 99
BS8075 | 21 05 56.7 | -17 13 58 | A1V     | 4.07 | 4.04 | 4.04 | 99 | 4.01  | 99 | 99 | 99
BS8097 | 21 10 20.5 | +10 07 53 | F0p     | 4.28 | 4.18 | 4.13 | 99 | 4.13  | 99 | 99 | 99
Y5117  | 21 17 15.0 | -38 52 06 | M0V     | 3.91 | 3.24 | 3.08 | 99 | 2.97  | 99 | 99 | 99
Y5190  | 21 33 34.0 | -49 00 32 | M1V     | 5.30 | 4.71 | 4.48 | 99 | 4.30  | 99 | 99 | 99
BS8278 | 21 40 05.4 | -16 39 45 | F0p     | 3.17 | 3.07 | 3.05 | 99 | 3.03  | 99 | 99 | 99
BS8283 | 21 41 32.8 | -14 02 51 | G1V+G0V | 4.02 | 3.69 | 3.61 | 99 | 99    | 99 | 99 | 99
Y5243  | 21 46 35.9 | -57 42 11 | K7V     | 6.27 | 5.62 | 5.46 | 99 | 5.38  | 99 | 99 | 99
BS8402 | 22 03 18.7 | -02 09 19 | B7IV    | 4.83 | 4.84 | 4.80 | 99 | 99    | 99 | 99 | 99
BS8430 | 22 07 00.6 | +25 20 42 | F5V     | 2.94 | 2.72 | 2.66 | 99 | 2.63  | 99 | 99 | 99
BS8431 | 22 08 22.9 | -32 59 19 | A2V     | 4.38 | 4.35 | 4.35 | 99 | 4.34  | 99 | 99 | 99
BS8457 | 22 11 02.3 | -21 13 57 | F6V     | 99   | 99   | 99   | 99 | 99    | 99 | 99 | 99
BS8467 | 22 12 43.7 | -04 43 14 | F7V     | 99   | 99   | 99   | 99 | 99    | 99 | 99 | 99
BS8477 | 22 14 38.5 | -41 22 54 | G5V     | 5.12 | 4.77 | 4.70 | 99 | 99    | 99 | 99 | 99
BS8514 | 22 20 55.8 | +08 11 13 | F6V     | 99   | 99   | 99   | 99 | 99    | 99 | 99 | 99
BS8524 | 22 23 07.9 | -45 55 42 | F3III-IV | 4.93 | 4.71 | 4.67 | 99 | 99   | 99 | 99 | 99
BS8531 | 22 24 56.3 | -57 47 51 | G3IV    | 4.18 | 3.87 | 3.76 | 99 | 3.75  | 99 | 99 | 99
BS8551 | 22 27 51.5 | +04 41 44 | K0III   | 3.01 | 2.38 | 2.30 | 99 | 2.23  | 99 | 99 | 99
BS8573 | 22 30 38.7 | -10 40 41 | A0IV    | 4.95 | 4.97 | 4.95 | 99 | 4.96  | 99 | 99 | 99
BS8576 | 22 31 30.3 | -32 20 46 | A0V     | 4.27 | 4.27 | 4.27 | 99 | 4.26  | 99 | 99 | 99
BS8597 | 22 35 21.3 | -00 07 03 | B9IV-V  | 4.18 | 99   | 4.22 | 99 | 4.22  | 99 | 99 | 99
BS8629 | 22 40 47.9 | -03 33 15 | F6V     | 99   | 99   | 99   | 99 | 99    | 99 | 99 | 99
BS8634 | 22 41 27.6 | +10 49 53 | B8V     | 3.51 | 99   | 3.56 | 99 | 3.59  | 99 | 99 | 99
BS8635 | 22 42 36.8 | -47 12 39 | G0V     | 4.93 | 4.60 | 4.53 | 99 | 99    | 99 | 99 | 99
BS8641 | 22 41 45.3 | +29 18 27 | A1IV    | 4.81 | 99   | 4.82 | 99 | 99    | 99 | 99 | 99
BS8658 | 22 46 07.9 | -48 58 44 | F9V     | 5.52 | 5.18 | 5.11 | 99 | 99    | 99 | 99 | 99
BS8665 | 22 46 41.5 | +12 10 22 | F6III-IV | 3.22 | 99   | 2.92 | 99 | 2.86 | 99 | 99 | 99
BS8700 | 22 53 37.8 | -48 35 53 | G0V     | 5.07 | 4.74 | 4.72 | 99 | 4.63  | 99 | 99 | 99
BS8701 | 22 54 39.5 | -70 04 26 | G2IV    | 4.98 | 4.68 | 4.60 | 99 | 99    | 99 | 99 | 99
BS8709 | 22 54 38.9 | -15 49 15 | A3V     | 3.11 | 3.08 | 3.07 | 99 | 3.06  | 99 | 99 | 99
BS8717 | 22 55 13.6 | +08 48 58 | A1V     | 4.90 | 99   | 4.90 | 99 | 4.93  | 99 | 99 | 99
BS8729 | 22 57 27.9 | +20 46 08 | G2IV    | 4.36 | 4.03 | 3.97 | 99 | 99    | 99 | 99 | 99
Y5572  | 23 00 16.0 | -22 31 28 | M1V     | 5.30 | 4.64 | 4.49 | 99 | 4.39  | 99 | 99 | 99
BS8781 | 23 04 45.6 | +15 12 19 | B9V     | 2.53 | 2.55 | 2.53 | 99 | 2.51  | 99 | 99 | 99
Y5584  | 23 05 52.0 | -35 51 12 | M2V     | 4.21 | 3.60 | 3.38 | 99 | 3.22  | 99 | 99 | 99
BS8843 | 23 16 57.6 | -62 00 05 | F7V     | 99   | 99   | 99   | 99 | 99    | 99 | 99 | 99
BS8845 | 23 15 57.8 | +24 46 16 | F5V     | 99   | 99   | 99   | 99 | 99    | 99 | 99 | 99
BS8848 | 23 17 25.7 | -58 14 08 | F1III   | 3.20 | 3.00 | 2.97 | 99 | 2.95  | 99 | 99 | 99
BS8859 | 23 18 09.8 | -40 49 29 | F5V     | 99   | 99   | 99   | 99 | 99    | 99 | 99 | 99
BS8905 | 23 25 22.7 | +23 24 15 | F8III   | 99   | 3.07 | 3.00 | 99 | 2.97  | 99 | 99 | 99
BS8907 | 23 26 36.4 | -52 43 18 | F4V     | 99   | 99   | 99   | 99 | 99    | 99 | 99 | 99
BS8911 | 23 26 55.9 | +01 15 20 | A0p     | 4.91 | 4.97 | 4.98 | 99 | 4.97  | 99 | 99 | 99
BS8931 | 23 31 31.4 | -04 05 15 | F8V     | 99   | 99   | 99   | 99 | 99    | 99 | 99 | 99
BS8959 | 23 37 50.9 | -45 29 33 | A2V     | 4.58 | 4.55 | 4.53 | 99 | 4.48  | 99 | 99 | 99
BS8984 | 23 42 02.7 | +01 46 48 | A7V     | 4.10 | 99   | 4.00 | 99 | 3.94  | 99 | 99 | 99
BS8999 | 23 44 28.8 | -26 14 48 | F4V     | 99   | 99   | 99   | 99 | 99    | 99 | 99 | 99
BS9016 | 23 48 55.5 | -28 07 49 | A0V     | 4.57 | 4.55 | 4.54 | 99 | 4.55  | 99 | 99 | 99
#
# end of file
#
