# CATALOG
# eclipse IR standard star catalog: raw database
#
# $Id: MSSSO-Photometric,v 1.2 2002/05/02 13:50:32 ndevilla Exp $
# $Author: ndevilla $
# $Date: 2002/05/02 13:50:32 $
# $Revision: 1.2 $
#
# Name  | Ra         |  Dec      | Sp |  J     |  H     |  K     | Ks | L      | M   | L' | M'
Y5817   | 00 05 24.4 | -37 21 26 | M4 |  5.282 |  4.742 |  4.529 | 99 |  4.356 | 99  | 99 | 99
BS33    | 00 11 15.8 | -15 28 05 | F7 |  3.936 |  3.679 |  3.646 | 99 |  3.628 | 99  | 99 | 99
BS77    | 00 20 04.2 | -64 52 30 | F9 |  3.165 |  2.870 |  2.832 | 99 |  2.811 | 99  | 99 | 99
Y392    | 01 52 49.0 | -22 26 06 | M1 |  6.062 |  5.391 |  5.223 | 99 |  5.113 | 99  | 99 | 99
BS612   | 02 04 29.4 | -29 17 49 | B9 |  4.972 |  5.024 |  5.073 | 99 |  5.114 | 99  | 99 | 99
BS740   | 02 32 05.1 | -15 14 41 | F4 |  3.859 |  3.622 |  3.589 | 99 |  3.576 | 99  | 99 | 99
BS818   | 02 45 06.1 | -18 34 21 | F6 |  3.595 |  3.384 |  3.344 | 99 |  3.335 | 99  | 99 | 99
Y642    | 03 06 26.7 | +01 57 57 | M0 |  6.478 |  5.815 |  5.674 | 99 |  5.596 | 99  | 99 | 99
Y1181   | 05 11 40.5 | -45 01 16 | M0 |  5.818 |  5.297 |  5.073 | 99 |  4.887 | 99  | 99 | 99
Y1255   | 05 31 27.3 | -03 40 39 | M1 |  4.775 |  4.075 |  3.886 | 99 |  3.766 | 99  | 99 | 99
BS1983  | 05 44 27.8 | -22 26 54 | F6 |  2.689 |  2.450 |  2.419 | 99 |  2.415 | 99  | 99 | 99
BS2015  | 05 44 46.5 | -65 44 08 | A7 |  3.858 |  3.749 |  3.723 | 99 |  3.711 | 99  | 99 | 99
BS2020  | 05 47 17.1 | -51 03 59 | A5 |  3.558 |  3.501 |  3.489 | 99 |  3.476 | 99  | 99 | 99
BS2085  | 05 56 24.2 | -14 10 04 | F1 |  3.080 |  2.935 |  2.908 | 99 |  2.898 | 99  | 99 | 99
BS2451  | 06 37 45.6 | -43 11 45 | B8 |  3.330 |  3.359 |  3.381 | 99 |  3.391 | 99  | 99 | 99
BS3314  | 08 25 39.6 | -03 54 23 | A0 |  3.914 |  3.921 |  3.930 | 99 |  3.950 | 99  | 99 | 99
Y2267   | 09 31 19.6 | -13 29 18 | M4 |  6.401 |  5.797 |  5.554 | 99 |  5.369 | 99  | 99 | 99
BS3842  | 09 38 01.4 | -43 11 27 | G8 |  3.947 |  3.493 |  3.409 | 99 |  3.354 | 99  | 99 | 99
BS3871  | 09 44 12.1 | -27 46 10 | A8 |  3.696 |  3.327 |  3.255 | 99 |  3.217 | 99  | 99 | 99
V569    | 10 12 17.6 | -03 44 43 | M2 |  5.903 |  5.256 |  5.034 | 99 |  4.892 | 99  | 99 | 99
BS4102  | 10 24 23.7 | -74 01 54 | F2 |  3.327 |  3.166 |  3.140 | 99 |  3.136 | 99  | 99 | 99
BS4450  | 11 33 00.1 | -31 51 27 | G7 |  1.996 |  1.535 |  1.448 | 99 |  1.390 | 99  | 99 | 99
BS4638  | 12 11 39.1 | -52 22 06 | B3 |  4.325 |  4.397 |  4.449 | 99 |  4.501 | 99  | 99 | 99
BS4773  | 12 32 28.0 | -72 07 58 | B5 |  4.181 |  4.253 |  4.303 | 99 |  4.357 | 99  | 99 | 99
BS4802  | 12 37 42.1 | -48 32 28 | A2 |  3.744 |  3.720 |  3.710 | 99 |  3.706 | 99  | 99 | 99
Y2951   | 12 50 43.5 | -00 46 05 | M0 |  5.789 |  5.117 |  4.957 | 99 |  4.883 | 99  | 99 | 99
BS4989  | 13 14 14.7 | -59 06 12 | F7 |  3.985 |  3.725 |  3.684 | 99 |  3.676 | 99  | 99 | 99
BS5028  | 13 20 35.7 | -36 42 44 | A2 |  2.703 |  2.697 |  2.697 | 99 |  2.699 | 99  | 99 | 99
BS5249  | 13 58 40.7 | -44 48 13 | B2 |  4.343 |  4.438 |  4.509 | 99 |  4.574 | 99  | 99 | 99
Y3296   | 14 34 16.7 | -12 31 13 | M4 |  6.879 |  6.279 |  5.986 | 99 |  5.756 | 99  | 99 | 99
Y3375B  | 14 57 26.6 | -21 24 44 | M2 |  4.797 |  4.155 |  3.938 | 99 |  3.768 | 99  | 99 | 99
Y3501   | 15 32 13.1 | -41 16 35 | M4 |  5.668 |  5.034 |  4.792 | 99 |  4.606 | 99  | 99 | 99
Y3746   | 16 30 18.0 | -12 39 48 | M4 |  5.962 |  5.387 |  5.115 | 99 |  4.887 | 99  | 99 | 99
BS6147  | 16 31 08.2 | -16 36 46 | G8 |  2.781 |  2.366 |  2.274 | 99 |  2.225 | 99  | 99 | 99
Y3845   | 16 55 28.9 | -08 20 10 | M3 |  5.241 |  4.663 |  4.420 | 99 |  4.221 | 99  | 99 | 99
BS6378  | 17 10 22.6 | -15 43 29 | A2 |  2.293 |  2.286 |  2.275 | 99 |  2.269 | 99  | 99 | 99
Y3958   | 17 28 40.2 | -46 53 45 | M4 |  5.722 |  5.136 |  4.888 | 99 |  4.688 | 99  | 99 | 99
Y3992   | 17 37 03.4 | -44 19 11 | M5 |  6.583 |  5.940 |  5.658 | 99 |  5.419 | 99  | 99 | 99
Y4338   | 18 49 50.0 | -23 50 12 | M4 |  6.229 |  5.673 |  5.380 | 99 |  5.123 | 99  | 99 | 99
BS7340  | 19 21 40.3 | -17 50 50 | F0 |  3.491 |  3.396 |  3.371 | 99 |  3.356 | 99  | 99 | 99
Y4794   | 20 13 53.3 | -45 09 47 | M0 |  5.109 |  4.465 |  4.279 | 99 |  4.154 | 99  | 99 | 99
BS7773  | 20 20 39.7 | -12 45 33 | B9 |  4.814 |  4.848 |  4.854 | 99 |  4.852 | 99  | 99 | 99
Y4924   | 20 42 18.4 | -52 41 56 | K7 |  6.307 |  5.651 |  5.504 | 99 |  5.411 | 99  | 99 | 99
BS7950  | 20 47 40.5 | -09 29 45 | A1 |  3.705 |  3.703 |  3.697 | 99 |  3.681 | 99  | 99 | 99
Y5117   | 21 17 15.0 | -38 52 06 | M0 |  3.910 |  3.240 |  3.078 | 99 |  2.968 | 99  | 99 | 99
Y5190   | 21 33 34.0 | -49 00 32 | M1 |  5.304 |  4.707 |  4.482 | 99 |  4.304 | 99  | 99 | 99
BS8278  | 21 40 05.4 | -16 39 45 | F0 |  3.173 |  3.069 |  3.045 | 99 |  3.025 | 99  | 99 | 99
Y5243   | 21 46 35.9 | -57 42 11 | K7 |  6.267 |  5.617 |  5.464 | 99 |  5.379 | 99  | 99 | 99
Y5358   | 22 09 39.9 | -04 38 28 | M3 |  6.526 |  5.875 |  5.626 | 99 |  5.441 | 99  | 99 | 99
Y5475   | 22 38 33.5 | -15 18 00 | M6 |  6.569 |  5.955 |  5.591 | 99 |  5.275 | 99  | 99 | 99
Y5546   | 22 53 17.1 | -14 15 45 | M5 |  5.941 |  5.321 |  5.044 | 99 |  4.827 | 99  | 99 | 99
BS8709  | 22 54 38.9 | -15 49 15 | A3 |  3.113 |  3.081 |  3.067 | 99 |  3.057 | 99  | 99 | 99
Y5572   | 23 00 16.0 | -22 31 28 | M1 |  5.295 |  4.639 |  4.486 | 99 |  4.394 | 99  | 99 | 99
Y5584   | 23 05 52.0 | -35 51 12 | M2 |  4.212 |  3.601 |  3.382 | 99 |  3.220 | 99  | 99 | 99
BS8848  | 23 17 25.7 | -58 14 08 | F1 |  3.200 |  3.001 |  2.967 | 99 |  2.945 | 99  | 99 | 99
#
# end of file
#
