# CATALOG
# eclipse IR standard star catalog: raw database
# 
# $Id: SAAO-Carter,v 1.3 2002/05/02 13:50:32 ndevilla Exp $
# $Author: ndevilla $
# $Date: 2002/05/02 13:50:32 $
# $Revision: 1.3 $
#
# This file courtesy of Chris Lidman, ESO.
#
# Name      | Ra         |  Dec      | Sp        |  J     |    H   |   K    | Ks | L  | M  | L' | M'
HD590    	| 00 10 18.0 | -18 51 36 | F2V       | 9.195  | 8.969  | 8.947  | 99 | 99 | 99 | 99 | 99
HD1274   	| 00 16 37.0 | -63 51 34 | G5V       | 8.781  | 8.412  | 8.352  | 99 | 99 | 99 | 99 | 99
HD7644   	| 01 15 36.0 | -45 26 15 | F6V       | 9.487  | 9.239  | 9.199  | 99 | 99 | 99 | 99 | 99
HD8864   	| 01 27 29.0 | +04 27 43 | A5        | 8.631  | 8.51   | 8.474  | 99 | 99 | 99 | 99 | 99
HD15189  	| 02 26 26.0 | -13 52 49 | G0V       | 8.46   | 8.159  | 8.126  | 99 | 99 | 99 | 99 | 99
HD15274  	| 02 27 45.0 | +08 51 29 | F5        | 8.49   | 8.276  | 8.25   | 99 | 99 | 99 | 99 | 99
HD15911  	| 02 31 45.0 | -51 39 39 | A0V       | 9.452  | 9.462  | 9.472  | 99 | 99 | 99 | 99 | 99
HD17040  	| 02 43 41.0 | -17 28 53 | F7V       | 9.401  | 9.141  | 9.107  | 99 | 99 | 99 | 99 | 99
SA94-251 	| 02 57 47.0 | +00 16 03 | --        | 9.131  | 8.426  | 8.305  | 99 | 99 | 99 | 99 | 99
SA94-702 	| 02 58 13.0 | +01 10 54 | --        | 9.246  | 8.434  | 8.289  | 99 | 99 | 99 | 99 | 99
HD18847  	| 03 01 24.0 | -19 59 15 | F5V       | 8.992  | 8.686  | 8.653  | 99 | 99 | 99 | 99 | 99
HD20223  	| 03 13 26.0 | -43 21 56 | A9V       | 8.824  | 8.673  | 8.663  | 99 | 99 | 99 | 99 | 99
HD24849  	| 03 55 41.0 | -35 14 55 | F3V       | 8.802  | 8.53   | 8.489  | 99 | 99 | 99 | 99 | 99
HD29250  	| 04 35 13.0 | -29 38 11 | A4IV      | 9.465  | 9.361  | 9.354  | 99 | 99 | 99 | 99 | 99
HD37567  	| 05 38 54.0 | -12 46 33 | B8/B9V    | 8.997  | 8.99   | 8.993  | 99 | 99 | 99 | 99 | 99
HD38150  	| 05 54 43.0 | -67 11 11 | F8V       | 8.210  | 7.913  | 7.880  | 99 | 99 | 99 | 99 | 99
HD38872  	| 05 45 55.0 | -52 44 19 | A7III/IV  | 8.136  | 7.985  | 7.96   | 99 | 99 | 99 | 99 | 99
HD39944  	| 05 54 43.0 | -25 34 42 | G1V       | 8.465  | 8.144  | 8.104  | 99 | 99 | 99 | 99 | 99
HD40348  	| 05 58 07.0 | -02 33 26 | A0        | 8.926  | 8.895  | 8.892  | 99 | 99 | 99 | 99 | 99
HD52467  	| 06 59 20.0 | -42 14 16 | B5V       | 8.637  | 8.659  | 8.699  | 99 | 99 | 99 | 99 | 99
HD56189  	| 07 14 22.0 | -38 11 20 | F3V       | 9.141  | 8.91   | 8.873  | 99 | 99 | 99 | 99 | 99
HD62388  	| 07 43 15.0 | -12 24 04 | A0V       | 8.727  | 8.691  | 8.67   | 99 | 99 | 99 | 99 | 99
HD62998  	| 07 46 08.0 | -16 34 37 | F6V       | 8.593  | 8.323  | 8.294  | 99 | 99 | 99 | 99 | 99
HD71264  	| 08 26 18.0 | -05 51 51 | A0        | 8.612  | 8.565  | 8.538  | 99 | 99 | 99 | 99 | 99
HD84090  	| 09 41 26.0 | -42 06 35 | A3V       | 8.568  | 8.506  | 8.493  | 99 | 99 | 99 | 99 | 99
HD84503  	| 09 45 08.0 | -26 16 30 | F2V       | 8.849  | 8.638  | 8.579  | 99 | 99 | 99 | 99 | 99
HD88449  	| 10 11 40.0 | -15 25 25 | F5V       | 8.522  | 8.257  | 8.223  | 99 | 99 | 99 | 99 | 99
HD94949  	| 10 57 49.0 | +09 01 07 | F8        | 8.267  | 7.968  | 7.938  | 99 | 99 | 99 | 99 | 99
HD96654  	| 11 07 07.0 | -60 40 05 | O9III     | 8.220  | 8.152  | 8.119  | 99 | 99 | 99 | 99 | 99
HD100501 	| 11 33 48.0 | -29 21 39 | A9V       | 9.305  | 9.119  | 9.087  | 99 | 99 | 99 | 99 | 99
HD105116 	| 12 06 05.0 | -45 53 26 | A2V       | 8.153  | 8.05   | 8.032  | 99 | 99 | 99 | 99 | 99
HD106807 	| 12 17 06.0 | -49 30 03 | A1V       | 8.707  | 8.645  | 8.637  | 99 | 99 | 99 | 99 | 99
HD106973 	| 12 18 09.0 | -01 10 01 | F8        | 9.148  | 8.875  | 8.836  | 99 | 99 | 99 | 99 | 99
HD107112 	| 12 19 20.0 | -65 49 33 | A8V       | 8.419  | 8.212  | 8.166  | 99 | 99 | 99 | 99 | 99
HD114895 	| 13 13 58.0 | -35 09 07 | A3/5III   | 8.252  | 8.135  | 8.101  | 99 | 99 | 99 | 99 | 99
HD115394 	| 13 17 27.0 | -38 44 28 | G3V       | 7.254  | 6.534  | 6.415  | 99 | 99 | 99 | 99 | 99
HD122414 	| 14 02 58.0 | -49 32 31 | F5V       | 8.536  | 8.281  | 8.224  | 99 | 99 | 99 | 99 | 99
HD129349 	| 14 43 10.0 | -37 54 24 | F2V       | 9.077  | 8.861  | 8.802  | 99 | 99 | 99 | 99 | 99
HD129540 	| 14 43 14.0 | -02 57 33 | A2V       | 8.466  | 8.283  | 8.247  | 99 | 99 | 99 | 99 | 99
HD130035 	| 14 47 21.0 | -44 27 11 | F0V       | 8.648  | 8.461  | 8.427  | 99 | 99 | 99 | 99 | 99
HD136879 	| 15 26 50.0 | -65 57 36 | A0V       | 8.659  | 8.56   | 8.528  | 99 | 99 | 99 | 99 | 99
HD147778 	| 16 24 26.0 | -17 44 42 | F0V       | 8.453  | 8.151  | 8.088  | 99 | 99 | 99 | 99 | 99
HD148332 	| 16 27 23.0 | -01 22 27 | F5        | 8.48   | 8.218  | 8.174  | 99 | 99 | 99 | 99 | 99
HD149226 	| 16 33 28.0 | -03 32 03 | A5        | 8.006  | 7.667  | 7.588  | 99 | 99 | 99 | 99 | 99
SA108-465	| 16 37 01   | -00 34 30 | --        | 8.901  | 8.137  | 8.012  | 99 | 99 | 99 | 99 | 99
HD154066 	| 17 03 46.0 | -12 51 46 | B8V       | 7.962  | 7.845  | 7.812  | 99 | 99 | 99 | 99 | 99
HD159402 	| 17 36 40.0 | -44 33 50 | B3III/IV  | 8.102  | 8.113  | 8.14   | 99 | 99 | 99 | 99 | 99
HD161691 	| 17 48 37.0 | -02 11 46 | B0.5III   | 7.369  | 7.330  | 7.323  | 99 | 99 | 99 | 99 | 99
HD166733 	| 18 12 08.0 | -02 15 28 | F8        | 8.495  | 8.190  | 8.130  | 99 | 99 | 99 | 99 | 99
HD169101 	| 18 24 29.0 | -33 16 52 | A0V       | 8.134  | 8.046  | 8.015  | 99 | 99 | 99 | 99 | 99
HD169588 	| 18 26 50.0 | -35 22 14 | A0        | 8.734  | 8.72   | 8.713  | 99 | 99 | 99 | 99 | 99
DM-597287	| 18 32 08.0 | -59 27 48 | F9        | 8.872  | 8.594  | 8.548  | 99 | 99 | 99 | 99 | 99
HD177619 	| 19 08 34.0 | -55 41 20 | F7V       | 8.584  | 8.312  | 8.278  | 99 | 99 | 99 | 99 | 99
HD193727 	| 20 22 21.0 | -16 06 58 | F0V       | 8.977  | 8.826  | 8.783  | 99 | 99 | 99 | 99 | 99
HD194107 	| 20 25 36.0 | -45 46 24 | G5V       | 8.772  | 8.395  | 8.352  | 99 | 99 | 99 | 99 | 99
HD197806 	| 20 47 31.0 | -43 11 09 | K0111     | 7.661  | 6.966  | 6.868  | 99 | 99 | 99 | 99 | 99
HD201916 	| 21 12 35.0 | +00 53 38 | F0        | 7.999  | 7.819  | 7.786  | 99 | 99 | 99 | 99 | 99
HD202964 	| 21 20 21.0 | -38 24 16 | F3V       | 8.624  | 8.286  | 8.243  | 99 | 99 | 99 | 99 | 99
HD207288 	| 21 48 13.0 | -17 37 13 | G8V       | 8.825  | 8.369  | 8.315  | 99 | 99 | 99 | 99 | 99
HD210427 	| 22 10 52.0 | -26 53 32 | G1V       | 9.245  | 8.895  | 8.852  | 99 | 99 | 99 | 99 | 99
HD210863 	| 22 13 26.0 | -08 13 49 | G0        | 8.59   | 8.272  | 8.234  | 99 | 99 | 99 | 99 | 99
HD211131 	| 22 15 35.0 | -29 07 13 | G8V       | 8.522  | 8.030  | 7.972  | 99 | 99 | 99 | 99 | 99
HD211290 	| 22 16 23.0 | -14 34 08 | K1III     | 7.920  | 7.297  | 7.200  | 99 | 99 | 99 | 99 | 99
HD212874 	| 22 27 19.0 | +04 02 50 | A2        | 9.077  | 8.921  | 8.890  | 99 | 99 | 99 | 99 | 99
HD214497 	| 22 38 44.0 | -14 48 49 | F6V       | 9.237  | 8.951  | 8.906  | 99 | 99 | 99 | 99 | 99
HD216009 	| 22 49 51.0 | -44 25 26 | A0V       | 7.988  | 7.949  | 7.947  | 99 | 99 | 99 | 99 | 99
HD218815 	| 23 11 43.0 | -56 47 22 | A6V       | 9.334  | 9.242  | 9.227  | 99 | 99 | 99 | 99 | 99
HD221462 	| 23 32 27.0 | -24 55 57 | G3V       | 8.630  | 8.282  | 8.219  | 99 | 99 | 99 | 99 | 99
#
# end of file
#
