# CATALOG
# eclipse IR standard star catalog: raw database
#
# $Id: UKIRT-Extended,v 1.2 2002/05/02 13:50:32 ndevilla Exp $
# $Author: ndevilla $
# $Date: 2002/05/02 13:50:32 $
# $Revision: 1.2 $
#
# Name  | Ra          |  Dec        | Sp     |  J     |  H     |  K     | Ks | L  | M  | L' | M'
FS101   | 00 13 43.58 | +30 37 59.9 | --     | 10.555 | 10.416 | 10.384 | 99 | 99 | 99 | 99 | 99
FS102   | 00 24 28.50 | +07 49 00.1 | G3     | 11.588 | 11.27  | 11.218 | 99 | 99 | 99 | 99 | 99
FS103   | 00 36 29.60 | +37 42 54.3 | K2     | 12.33  | 11.815 | 11.731 | 99 | 99 | 99 | 99 | 99
FS104   | 01 04 59.43 | +41 06 30.8 | A7     | 10.536 | 10.435 | 10.409 | 99 | 99 | 99 | 99 | 99
FS105   | 01 19 08.19 | +07 34 11.5 | K1     | 11.521 | 11.05  | 10.970 | 99 | 99 | 99 | 99 | 99
FS106   | 01 49 46.94 | +48 37 53.2 | K4     | 12.478 | 11.862 | 11.759 | 99 | 99 | 99 | 99 | 99
FS107   | 01 54 10.14 | +45 50 38.0 | --     | 10.494 | 10.281 | 10.231 | 99 | 99 | 99 | 99 | 99
FS108   | 03 01 09.85 | +46 58 47.7 | --     | 10.08  | 9.79   | 9.731  | 99 | 99 | 99 | 99 | 99
FS109   | 03 13 24.16 | +18 49 38.4 | --     | 11.432 | 10.968 | 10.807 | 99 | 99 | 99 | 99 | 99
FS110   | 03 41 02.22 | +06 56 15.9 | G5     | 11.71  | 11.402 | 11.324 | 99 | 99 | 99 | 99 | 99
FS111   | 03 41 08.55 | +33 09 35.5 | --     | 10.64  | 10.378 | 10.289 | 99 | 99 | 99 | 99 | 99
FS112   | 03 47 40.70 | -15 13 14.4 | G0     | 11.21  | 10.946 | 10.899 | 99 | 99 | 99 | 99 | 99
FS113   | 04 00 14.07 | +53 10 38.5 | K0     | 12.913 | 12.541 | 12.432 | 99 | 99 | 99 | 99 | 99
FS114   | 04 19 41.72 | +16 45 22.4 | M7V    | 14.386 | 13.782 | 13.445 | 99 | 99 | 99 | 99 | 99
FS115   | 04 23 18.17 | +26 41 16.4 | --     | 12.528 | 10.943 | 10.171 | 99 | 99 | 99 | 99 | 99
FS116   | 04 23 50.18 | +26 40 07.7 | --     | 12.721 | 11.46  | 10.949 | 99 | 99 | 99 | 99 | 99
FS117   | 04 23 56.61 | +26 36 38.0 | --     | 11.465 | 10.515 | 10.078 | 99 | 99 | 99 | 99 | 99
FS118   | 04 24 33.49 | +26 33 37.8 | --     | 11.435 | 10.712 | 10.446 | 99 | 99 | 99 | 99 | 99
FS119   | 05 02 57.44 | -01 46 42.6 | --     | 9.915  | 9.87   | 9.851  | 99 | 99 | 99 | 99 | 99
FS120   | 06 14 01.44 | +15 09 58.3 | --     | 11.328 | 10.825 | 10.626 | 99 | 99 | 99 | 99 | 99
FS121   | 06 59 46.82 | -04 54 33.2 | K3     | 11.984 | 11.423 | 11.315 | 99 | 99 | 99 | 99 | 99
FS122   | 07 00 52.02 | +48 29 24.0 | G0     | 11.652 | 11.384 | 11.338 | 99 | 99 | 99 | 99 | 99
FS123   | 08 51 11.88 | +11 45 21.5 | B8V    | 10.177 | 10.189 | 10.211 | 99 | 99 | 99 | 99 | 99
FS124   | 08 54 12.07 | -08 04 58.9 | --     | 11.523 | 11.042 | 10.776 | 99 | 99 | 99 | 99 | 99
FS125   | 09 03 20.60 | +34 21 03.9 | G8     | 10.802 | 10.426 | 10.374 | 99 | 99 | 99 | 99 | 99
FS126   | 09 19 18.73 | +10 55 54.2 | K3     | 12.349 | 11.785 | 11.680 | 99 | 99 | 99 | 99 | 99
FS127   | 10 06 29.03 | +41 01 26.6 | F9     | 11.955 | 11.694 | 11.654 | 99 | 99 | 99 | 99 | 99
FS128   | 11 05 10.40 | +07 06 48.7 | --     | 13.003 | 12.387 | 12.078 | 99 | 99 | 99 | 99 | 99
FS129   | 11 21 48.95 | -13 13 07.9 | --     | 11.858 | 11.134 | 10.709 | 99 | 99 | 99 | 99 | 99
FS130   | 11 24 55.92 | +34 44 38.5 | K4     | 12.947 | 12.351 | 12.252 | 99 | 99 | 99 | 99 | 99
FS131   | 12 14 25.40 | +35 35 55.6 | F8     | 11.605 | 11.346 | 11.314 | 99 | 99 | 99 | 99 | 99
FS132   | 12 21 39.36 | -00 07 13.3 | G1     | 12.16  | 11.87  | 11.836 | 99 | 99 | 99 | 99 | 99
FS133   | 13 15 52.80 | +46 06 36.9 | G9     | 12.304 | 11.937 | 11.877 | 99 | 99 | 99 | 99 | 99
FS134   | 14 28 43.37 | +33 10 41.5 | --     | 11.917 | 11.171 | 10.747 | 99 | 99 | 99 | 99 | 99
FS135   | 14 40 58.04 | -00 27 46.6 | G5     | 11.984 | 11.64  | 11.594 | 99 | 99 | 99 | 99 | 99
FS136   | 14 59 32.05 | -00 06 17.0 | K2     | 12.526 | 11.973 | 11.883 | 99 | 99 | 99 | 99 | 99
FS137   | 16 26 42.72 | +05 52 20.3 | G1     | 12.147 | 11.874 | 11.829 | 99 | 99 | 99 | 99 | 99
FS138   | 16 28 06.72 | +34 58 48.3 | A1     | 10.444 | 10.414 | 10.412 | 99 | 99 | 99 | 99 | 99
FS139   | 16 33 52.96 | +54 28 22.1 | K1     | 12.706 | 12.194 | 12.103 | 99 | 99 | 99 | 99 | 99
FS140   | 17 13 22.65 | -18 53 33.8 | G9     | 10.798 | 10.429 | 10.369 | 99 | 99 | 99 | 99 | 99
FS141   | 17 48 58.87 | +23 17 43.7 | G2     | 11.176 | 10.873 | 10.812 | 99 | 99 | 99 | 99 | 99
FS142   | 18 29 51.26 | +01 13 19.0 | --     | 15.638 | 14.143 | 13.393 | 99 | 99 | 99 | 99 | 99
FS143   | 18 29 53.79 | +01 13 29.9 | --     | 16.554 | 14.218 | 13.018 | 99 | 99 | 99 | 99 | 99
FS144   | 18 29 56.90 | +01 12 47.1 | --     | 14.861 | 12.348 | 11.046 | 99 | 99 | 99 | 99 | 99
FS145   | 18 30 05.81 | +01 13 47.3 | --     | 16.956 | 13.722 | 12.160 | 99 | 99 | 99 | 99 | 99
FS146   | 18 54 04.01 | +37 07 18.6 | K1     | 10.722 | 10.211 | 10.141 | 99 | 99 | 99 | 99 | 99
FS147   | 19 01 55.27 | +42 29 19.6 | A0     | 9.909  | 9.881  | 9.866  | 99 | 99 | 99 | 99 | 99
FS148   | 19 41 23.52 | -03 50 56.1 | A0     | 9.509  | 9.489  | 9.478  | 99 | 99 | 99 | 99 | 99
FS149   | 20 00 39.25 | +29 58 40.0 | B7.5V  | 10.106 | 10.083 | 10.086 | 99 | 99 | 99 | 99 | 99
FS150   | 20 36 08.44 | +49 38 23.5 | --     | 10.158 | 10.004 | 9.960  | 99 | 99 | 99 | 99 | 99
FS151   | 21 04 14.75 | +30 30 21.2 | G2     | 12.211 | 11.937 | 11.876 | 99 | 99 | 99 | 99 | 99
FS152   | 22 27 16.12 | +19 16 59.2 | K1     | 11.64  | 11.119 | 11.057 | 99 | 99 | 99 | 99 | 99
FS153   | 23 02 32.07 | -03 58 53.1 | K2     | 11.581 | 11.001 | 10.896 | 99 | 99 | 99 | 99 | 99
FS154   | 23 18 10.08 | +00 32 55.6 | G0     | 11.37  | 11.106 | 11.064 | 99 | 99 | 99 | 99 | 99
FS155   | 23 49 47.82 | +34 13 05.1 | K5     | 10.009 | 9.498  | 9.413  | 99 | 99 | 99 | 99 | 99
#
# end of file
#
