# CATALOG
# eclipse IR standard star catalog: raw database
#
# $Id: UKIRT-Fundamental,v 1.2 2002/05/02 13:50:32 ndevilla Exp $
# $Author: ndevilla $
# $Date: 2002/05/02 13:50:32 $
# $Revision: 1.2 $
#
# Name  | Ra          |  Dec        | Sp     |  J     |  H     |  K     | Ks | L  | M  | L' | M'
FS1     | 00 33 54.48 | -12 07 58.1 | --     | 13.408 | 13.021 | 12.964 | 99 | 99 | 99 | 99 | 99
FS2     | 00 55 09.93 | +00 43 13.1 | F5     | 10.713 | 10.507 | 10.472 | 99 | 99 | 99 | 99 | 99
FS3     | 01 04 21.63 | +04 13 36.0 | --     | 12.623 | 12.734 | 12.823 | 99 | 99 | 99 | 99 | 99
FS4     | 01 54 37.70 | +00 43 00.5 | F5     | 10.555 | 10.316 | 10.284 | 99 | 99 | 99 | 99 | 99
FS5     | 01 54 34.65 | -06 46 00.4 | --     | 12.338 | 12.334 | 12.339 | 99 | 99 | 99 | 99 | 99
FS6     | 02 30 16.64 | +05 15 51.1 | --     | 13.254 | 13.313 | 13.382 | 99 | 99 | 99 | 99 | 99
FS7     | 02 57 21.21 | +00 18 38.2 | A2     | 11.103 | 10.977 | 10.945 | 99 | 99 | 99 | 99 | 99
FS8     | 02 57 46.6  |  00 16 07   | --     |  9.079 |  8.442 |  8.313 | 99 | 99 | 99 | 99 | 99
FS9     | 02 58 13.3  |  01 10 56   | --     |  9.150 |  8.424 |  8.266 | 99 | 99 | 99 | 99 | 99
FS10    | 03 48 50.20 | -00 58 31.2 | --     | 14.761 | 14.865 | 14.983 | 99 | 99 | 99 | 99 | 99
FS11    | 04 52 58.92 | -00 14 41.6 | A3     | 11.341 | 11.276 | 11.254 | 99 | 99 | 99 | 99 | 99
FS12    | 05 52 27.66 | +15 53 14.3 | --     | 13.707 | 13.822 | 13.916 | 99 | 99 | 99 | 99 | 99
FS13    | 05 57 07.59 | +00 01 11.4 | G4V    | 10.501 | 10.188 | 10.140 | 99 | 99 | 99 | 99 | 99
FS14    | 07 24 14.40 | -00 33 04.1 | --     | 14.102 | 14.167 | 14.198 | 99 | 99 | 99 | 99 | 99
FS15    | 08 51 05.81 | +11 43 46.9 | G5IV-V | 12.739 | 12.402 | 12.348 | 99 | 99 | 99 | 99 | 99
FS16    | 08 51 15.01 | +11 49 21.2 | G1V    | 12.959 | 12.669 | 12.628 | 99 | 99 | 99 | 99 | 99
FS17    | 08 51 19.31 | +11 52 10.4 | G4V    | 12.657 | 12.33  | 12.274 | 99 | 99 | 99 | 99 | 99
FS18    | 08 53 35.51 | -00 36 41.7 | F8     | 10.82  | 10.568 | 10.527 | 99 | 99 | 99 | 99 | 99
FS19    | 10 33 42.75 | -11 41 38.3 | --     | 13.582 | 13.667 | 13.782 | 99 | 99 | 99 | 99 | 99
FS20    | 11 07 59.93 | -05 09 26.1 | --     | 13.398 | 13.436 | 13.501 | 99 | 99 | 99 | 99 | 99
FS21    | 11 37 05.15 | +29 47 58.4 | --     | 12.988 | 13.057 | 13.147 | 99 | 99 | 99 | 99 | 99
FS23    | 13 41 43.57 | +28 29 49.5 | G8III  | 12.968 | 12.441 | 12.375 | 99 | 99 | 99 | 99 | 99
FS24    | 14 40 06.8  |  00 01 42   | --     | 10.904 | 10.772 | 10.753 | 99 | 99 | 99 | 99 | 99
FS25    | 15 38 33.2  |  00 14 14   | --     | 10.231 |  9.826 |  9.756 | 99 | 99 | 99 | 99 | 99
FS26    | 16 37 00.5  | -00 34 45   | --     |  8.830 |  8.127 |  7.972 | 99 | 99 | 99 | 99 | 99
FS27    | 16 40 41.56 | +36 21 12.4 | G8IV-V | 13.482 | 13.176 | 13.128 | 99 | 99 | 99 | 99 | 99
FS28    | 17 44 06.6  | -00 25 05   | --     | 10.745 | 10.644 | 10.597 | 99 | 99 | 99 | 99 | 99
FS29    | 21 52 25.36 | +02 23 20.7 | --     | 13.173 | 13.241 | 13.311 | 99 | 99 | 99 | 99 | 99
FS30    | 22 41 44.72 | +01 12 36.5 | B9     | 11.949 | 11.991 | 12.022 | 99 | 99 | 99 | 99 | 99
FS31    | 23 12 21.60 | +10 47 04.1 | --     | 13.808 | 13.938 | 14.037 | 99 | 99 | 99 | 99 | 99
FS32    | 23 16 12.37 | -01 50 34.6 | --     | 13.483 | 13.59  | 13.676 | 99 | 99 | 99 | 99 | 99
FS33    | 12 57 02.30 | +22 01 52.8 | --     | 14.039 | 14.151 | 14.254 | 99 | 99 | 99 | 99 | 99
FS34    | 20 42 34.73 | -20 04 34.8 | --     | 12.849 | 12.926 | 13.000 | 99 | 99 | 99 | 99 | 99
FS35    | 18 27 13.52 | +04 03 09.4 | K0     | 12.201 | 11.832 | 11.748 | 99 | 99 | 99 | 99 | 99
#
# end of file
#
