# CATALOG
# eclipse IR standard star catalog: raw database
#
# $Id: UKIRT-Standards,v 1.1 2004/02/19 15:11:30 yjung Exp $
# $Author: yjung $
# $Date: 2004/02/19 15:11:30 $
# $Revision: 1.1 $
#
# Name      | Ra            |  Dec          | Sp          |       J |       H |       K | Ks |       L |       M |      L' | M'
 HD225023   |   0   0  11.8 |  35  32    14 |          A0 |   7.082 |   6.993 |   6.962 | 99 |    6.94 |    7.03 |    6.96 | 99 
 G158-27    |   0   4    12 |  -7  47    54 |          M5 |   8.378 |   7.781 |   7.447 | 99 |      99 |      99 |    7.04 | 99 
 BS33       |   0   8  43.2 | -15  44    32 |         F7V |   3.964 |   3.689 |   3.636 | 99 |     3.6 |      99 |     3.6 | 99 
 HD1160     |   0  13  23.1 |   3  58    24 |          A0 |    7.06 |   7.051 |    7.04 | 99 |    7.05 |      99 |    7.04 | 99 
 HD2811     |   0  28    53 | -43  52    58 |          A2 |   7.178 |   7.093 |   7.067 | 99 |    7.04 |      99 |      99 | 99 
 HD3029     |   0  31   2.3 |  20   9    30 |          A3 |   7.263 |   7.125 |   7.093 | 99 |      99 |      99 |    7.06 | 99 
 BS337      |   1   6  55.5 |  35  21    22 |       M0III |  -0.908 |  -1.703 |  -1.853 | 99 |      -2 |   -1.75 |   -1.98 | 99 
 BS696      |   2  21  43.1 |  56  23     4 |       B2Iae |   5.587 |   5.499 |   5.443 | 99 |    5.37 |    5.31 |    5.33 | 99 
 BS718      |   2  25  29.8 |   8  14    13 |       B9III |   4.374 |    4.39 |    4.39 | 99 |     4.4 |    4.38 |    4.41 | 99 
 BS739      |   2  29  36.6 |  -1  15    17 |         gG3 |   3.748 |   3.218 |   3.121 | 99 |      99 |      99 |    3.04 | 99 
 BS740      |   2  29    43 | -15  27    48 |        F4IV |   3.879 |   3.623 |   3.585 | 99 |    3.56 |      99 |    3.56 | 99 
 GL105.5    |   2  38   7.6 |   0  58    57 |          M0 |   7.305 |   6.663 |   6.539 | 99 |    6.47 |      99 |    6.46 | 99 
 BS816      |   2  42  43.4 |   4  30     8 |         gF0 |   5.502 |   5.384 |   5.353 | 99 |      99 |      99 |    5.38 | 99 
 HD18881    |   3   0  20.5 |  38  12    53 |          A0 |    7.13 |   7.135 |    7.14 | 99 |    7.15 |    7.29 |    7.14 | 99 
 HD19904    |   3   8  49.1 | -39  14    24 |          A2 |   6.727 |   6.662 |   6.642 | 99 |    6.62 |      99 |      99 | 99 
 G77-31     |   3  10  40.5 |   4  35    12 |          M4 |   8.816 |   8.187 |   7.857 | 99 |    7.52 |      99 |      99 | 99 
 HD22686    |   3  36  18.7 |   2  36     7 |          A0 |   7.196 |    7.19 |   7.185 | 99 |     7.2 |      99 |    7.19 | 99 
 BS1140     |   3  41  49.5 |  24   8     1 |        B7IV |    5.52 |     5.5 |    5.51 | 99 |     5.6 |    5.64 |    5.64 | 99 
 BS1457     |   4  33   2.9 |  16  24    37 |       K5III |  -1.848 |  -2.614 |  -2.783 | 99 |   -2.97 |   -2.76 |   -2.89 | 99 
 BS1543     |   4  47   7.4 |   6  52    32 |         F6V |   2.353 |   2.117 |   2.095 | 99 |      99 |      99 |    2.07 | 99 
 BS1552     |   4  48  32.4 |   5  31    16 |       B2III |   4.029 |   4.087 |   4.138 | 99 |    4.18 |    4.15 |    4.18 | 99 
 BS1641     |   5   3   0.2 |  41  10     8 |         B7V |   3.518 |   3.646 |   3.677 | 99 |    3.71 |    3.77 |    3.74 | 99 
 BS1637     |   5   6  40.6 |  51  35    52 |         F0V |   4.312 |   4.204 |   4.153 | 99 |    4.11 |    4.13 |    4.14 | 99 
 BS1713     |   5  12     8 |  -8  15    29 |       B8Iae |    0.24 |   0.241 |   0.211 | 99 |    0.13 |    0.09 |    0.09 | 99 
 BS1708     |   5  12  59.5 |  45  56    58 |       G4III |  -1.334 |  -1.717 |  -1.802 | 99 |   -1.87 |   -1.79 |   -1.85 | 99 
 SAO112626  |   5  16  41.4 |   1  39    15 |          F8 |   8.934 |    8.67 |   8.596 | 99 |      99 |      99 |    8.65 | 99 
 BS1869     |   5  36  15.9 |  47  42    56 |         dF0 |   5.532 |   5.454 |   5.393 | 99 |    5.36 |    5.37 |    5.39 | 99 
 HD38921    |   5  45    41 | -38  14    51 |          A0 |   7.572 |   7.551 |   7.536 | 99 |    7.53 |      99 |      99 | 99 
 HD40335    |   5  55  37.6 |   1  51     9 |          A0 |   6.555 |   6.473 |   6.452 | 99 |    6.43 |    6.41 |    6.43 | 99 
 BS2228     |   6  17  34.6 |  46  25    57 |         F0V |   6.012 |   5.943 |   5.892 | 99 |    5.84 |    5.85 |    5.88 | 99 
 HD44612    |   6  21   9.7 |  43  34    35 |          A0 |   7.075 |   7.041 |   7.041 | 99 |    7.04 |      99 |    7.03 | 99 
 BS2491     |   6  42  56.7 | -16  38    46 |         A1V |    -1.3 |  -1.319 |   -1.32 | 99 |   -1.35 |   -1.38 |   -1.36 | 99 
 BD+01694   |   6  52   7.3 |   0   0    52 |          -- |    5.75 |   4.857 |   4.606 | 99 |    4.43 |      99 |    4.43 | 99 
 BS2721     |   7  12   7.6 |  47  19    51 |         G0V |   4.475 |    4.18 |   4.126 | 99 |      99 |      99 |    4.08 | 99 
 BS2943     |   7  36  41.1 |   5  21    16 |        F5IV |  -0.437 |  -0.564 |  -0.646 | 99 |   -0.66 |   -0.66 |      99 | 99 
 BS2990     |   7  42  15.6 |  28   8    55 |      K0IIIb |  -0.523 |  -0.975 |   -1.05 | 99 |   -1.15 |   -1.09 |   -1.17 | 99 
 BS3314     |   8  23   9.7 |  -3  44    31 |         A0V |    3.92 |   3.919 |    3.94 | 99 |    3.94 |      99 |    3.92 | 99 
 HD75223    |   8  45  29.8 | -39  36    54 |          A0 |   7.329 |   7.296 |   7.281 | 99 |    7.26 |      99 |      99 | 99 
 HD77281    |   8  59   5.4 |  -1  16    45 |          A2 |   7.111 |   7.052 |   7.031 | 99 |       7 |    6.97 |    7.06 | 99 
 GL347A     |   9  26    25 |  -7   8    30 |        M3.5 |   8.483 |   7.881 |   7.658 | 99 |    7.41 |      99 |    7.36 | 99 
 HD84800    |   9  45  35.9 |  43  53    56 |          A2 |   7.592 |   7.549 |   7.538 | 99 |    7.55 |    7.58 |    7.54 | 99 
 BS3888     |   9  47  27.1 |  59  16    30 |        F2IV |   3.162 |   3.005 |   2.983 | 99 |    2.98 |    2.94 |    2.94 | 99 
 BS3903     |   9  49   4.3 | -14  36    40 |       G7III |   2.617 |   2.136 |    2.05 | 99 |    1.98 |      99 |      99 | 99 
 V569       |  10   9  46.3 |  -3  29    41 |          M3 |   5.992 |    5.31 |   5.106 | 99 |    4.93 |      99 |    4.89 | 99 
 BS4069     |  10  19  21.5 |  41  45     6 |       M0III |   0.132 |  -0.654 |  -0.803 | 99 |   -0.94 |   -0.63 |   -0.96 | 99 
 GL390      |  10  22    44 |  -9  58    36 |        M1.5 |   6.939 |   6.275 |   6.061 | 99 |    5.87 |      99 |      99 | 99 
 GL406      |  10  54     6 |   7  19    12 |          M6 |   7.143 |   6.469 |   6.099 | 99 |    5.69 |      99 |      99 | 99 
 BS4358     |  11  11  25.9 |   8  20     5 |       K3III |   3.879 |   3.299 |   3.202 | 99 |      99 |      99 |    3.14 | 99 
 HD101452   |  11  37  45.1 | -38  52     9 |          A2 |   7.018 |    6.89 |   6.848 | 99 |    6.81 |      99 |      99 | 99 
 Y2730      |  11  45   8.2 |   1   5    56 |       dM4.5 |   6.532 |   5.935 |   5.646 | 99 |    5.34 |      99 |    5.26 | 99 
 BS4550     |  11  50   6.2 |  38   4    39 |         G8V |   4.957 |   4.466 |     4.4 | 99 |    4.35 |    4.41 |    4.38 | 99 
 HD105601   |  12   6  56.1 |  38  54    39 |          A2 |   6.821 |   6.719 |   6.687 | 99 |    6.64 |    6.66 |    6.65 | 99 
 HD106965   |  12  15    24 |   1  51    10 |          A2 |    7.38 |   7.337 |   7.316 | 99 |     7.3 |     7.3 |    7.34 | 99 
 BS4689     |  12  17  20.8 |   0  23    21 |        A2IV |    3.81 |   3.781 |   3.781 | 99 |    3.79 |    3.78 |    3.79 | 99 
 BS4935     |  13   1   5.1 | -20  18    55 |         F7V |   4.604 |    4.29 |   4.266 | 99 |      99 |      99 |      99 | 99 
 BS4983     |  13   9  32.5 |  28   7    52 |         G0V |   3.194 |   2.929 |   2.886 | 99 |    2.88 |    2.88 |    2.89 | 99 
 BS5340     |  14  13  22.8 |  19  26    31 |       K1IIb |    -2.2 |  -2.878 |  -2.976 | 99 |   -3.09 |   -2.91 |   -3.05 | 99 
 BS5447     |  14  32  30.2 |  29  57    41 |         F2V |   3.723 |   3.522 |   3.489 | 99 |    3.48 |    3.47 |    3.49 | 99 
 HD129653   |  14  40  38.2 |  36  58     7 |          A2 |   6.985 |   6.942 |   6.921 | 99 |    6.91 |    7.07 |    6.93 | 99 
 HD129655   |  14  41    11 |  -2  17    38 |          A2 |   6.826 |   6.724 |   6.692 | 99 |    6.67 |      99 |    6.68 | 99 
 HD130163   |  14  44  36.2 | -39  43     4 |          A0 |   6.856 |   6.846 |   6.835 | 99 |    6.81 |      99 |      99 | 99 
 BD+32954   |  14  52  23.2 |   3  11    33 |          M0 |   5.926 |   5.026 |   4.825 | 99 |    4.64 |      99 |      99 | 99 
 BS5685     |  15  14  18.7 |  -9  11    59 |         B8V |   2.759 |   2.789 |   2.799 | 99 |      99 |    2.88 |    2.85 | 99 
 HD136754   |  15  19  24.3 |  24  31    19 |          A0 |   7.155 |   7.146 |   7.135 | 99 |    7.14 |      99 |    7.14 | 99 
 BD+22957   |  15  22    29 |   1  41     6 |          K2 |    5.28 |   4.454 |   4.263 | 99 |    4.08 |      99 |    4.19 | 99 
 BS6084     |  16  18   8.7 | -25  28    29 |    B2II+O9V |   2.491 |   2.442 |   2.421 | 99 |    2.43 |    2.42 |    2.42 | 99 
 BS6092     |  16  18  14.1 |  46  25    54 |       A9III |   4.192 |   4.257 |   4.298 | 99 |      99 |    4.38 |    4.35 | 99 
 S-R3       |  16  23   7.7 | -24  27    26 |          -- |   7.804 |   7.001 |   6.543 | 99 |    6.25 |      99 |      99 | 99 
 OPHS1      |  16  23  32.8 | -24  16    44 |          -- |   9.007 |   7.344 |   6.378 | 99 |    5.71 |      99 |      99 | 99 
 BS6136     |  16  26   0.9 |   0  46    32 |       K4III |   2.898 |   2.184 |   2.036 | 99 |    1.86 |      99 |      99 | 99 
 BS6147     |  16  28  16.4 | -16  30    19 |      G8IIIa |   2.767 |   2.334 |   2.269 | 99 |    2.19 |    2.28 |    2.22 | 99 
 BS6406     |  17  12    22 |  14  26    45 |        M5Ib |  -2.276 |   -3.11 |  -3.351 | 99 |    -3.7 |   -3.44 |   -3.66 | 99 
 HD161743   |  17  45  31.8 | -38   6    11 |          A0 |    7.62 |    7.62 |   7.615 | 99 |    7.61 |      99 |      99 | 99 
 HD161903   |  17  45  43.3 |  -1  47    34 |          A2 |   7.172 |   7.059 |   7.023 | 99 |    6.99 |    7.14 |    7.01 | 99 
 HD162208   |  17  46  20.7 |  39  59    40 |          A0 |   7.223 |   7.141 |   7.112 | 99 |    7.09 |    7.12 |    7.14 | 99 
 BS6707     |  17  56  35.3 |  30  11    32 |        F2II |    3.47 |   3.252 |    3.21 | 99 |    3.16 |    3.17 |    3.18 | 99 
 Y4338      |  18  46  44.1 | -23  53    32 |      dM4.5e |   6.297 |    5.68 |   5.416 | 99 |    5.12 |      99 |    5.03 | 99 
 BS7120     |  18  52   5.8 | -22  44     8 |        K3II |   2.739 |    2.12 |   2.033 | 99 |    1.91 |      99 |      99 | 99 
 GL748      |  19   9    38 |   2  48    36 |         dM4 |   7.105 |   6.557 |   6.319 | 99 |    6.05 |      99 |       6 | 99 
 BS7615     |  19  54  25.7 |  34  56    58 |       K0III |   2.199 |   1.716 |    1.64 | 99 |    1.51 |    1.65 |    1.56 | 99 
 BS7773     |  20  17  53.5 | -12  55     4 |       B9.5V |   4.825 |   4.859 |   4.859 | 99 |    4.86 |      99 |    4.86 | 99 
 GL811.1    |  20  54     4 | -10  37    36 |         dM4 |   7.832 |   7.185 |   6.946 | 99 |     6.7 |    6.68 |    6.69 | 99 
 HD201941   |  21  10  13.6 |   2  26    12 |          A2 |   6.696 |   6.657 |   6.626 | 99 |     6.6 |      99 |    6.61 | 99 
 BS8143     |  21  15    27 |  39  11     4 |       B9Iab |   3.886 |   3.838 |   3.797 | 99 |    3.73 |    3.69 |    3.73 | 99 
 HD203856   |  21  21  37.1 |  39  48    12 |          A0 |   6.926 |   6.887 |   6.861 | 99 |    6.84 |      99 |    6.84 | 99 
 HD205772   |  21  35  33.6 | -41  16    26 |          A3 |   7.775 |   7.688 |   7.657 | 99 |    7.64 |      99 |      99 | 99 
 SAO34401   |  22  21  47.7 |  54  57    12 |          F0 |   7.933 |   7.766 |   7.734 | 99 |      99 |      99 |    7.74 | 99 
 BS8541     |  22  22    29 |  49  13    21 |       B9Iab |   4.305 |   4.267 |   4.235 | 99 |    4.23 |    4.22 |    4.22 | 99 
 BS8551     |  22  25  19.6 |   4  26    39 |       K0III |   2.956 |   2.378 |   2.312 | 99 |    2.25 |    2.32 |    2.24 | 99 
 Y5546      |  22  50  36.2 | -14  31    34 |         dM5 |    5.98 |   5.344 |   5.066 | 99 |     4.8 |      99 |    4.74 | 99 
#
# End of file
#
