# CATALOG
# eclipse IR standard star catalog: raw database
#
# $Id: UKIRT-LM,v 1.2 2003/02/04 08:34:22 yjung Exp $
# $Author: yjung $
# $Date: 2003/02/04 08:34:22 $
# $Revision: 1.2 $
#
# Name      | Ra          |  Dec        | Sp |  J |  H |  K | Ks |  L |  M |  L'    | M'
HD225023    | 00 02 46.03 | +35 48 55.7 | -- | 99 | 99 | 99 | 99 | 99 | 99 |  6.98  | 6.95
G158-27     | 00 06 43.00 | -07 32 42.0 | -- | 99 | 99 | 99 | 99 | 99 | 99 |  6.99  | 7.16
fs2-29      | 00 13 43.58 | +30 37 59.9 | -- | 99 | 99 | 99 | 99 | 99 | 99 | 10.35  | 99
HD1160      | 00 15 57.30 | +04 15 04.0 | -- | 99 | 99 | 99 | 99 | 99 | 99 |  7.05  | 7.04
HD3029      | 00 33 39.53 | +20 26 01.7 | -- | 99 | 99 | 99 | 99 | 99 | 99 |  7.08  | 7.04
SA92-342    | 00 55 09.93 | +00 43 13.1 | -- | 99 | 99 | 99 | 99 | 99 | 99 | 10.44  | 99
g-129       | 03 13 24.16 | +18 49 38.4 | -- | 99 | 99 | 99 | 99 | 99 | 99 | 10.50  | 99
HD22686     | 03 38 55.09 | +02 45 48.6 | -- | 99 | 99 | 99 | 99 | 99 | 99 |  7.19  | 7.16
fs2-05      | 03 41 08.55 | +33 09 35.5 | -- | 99 | 99 | 99 | 99 | 99 | 99 | 10.23  | 99
BS1140      | 03 44 48.22 | +24 17 22.1 | -- | 99 | 99 | 99 | 99 | 99 | 99 |    99  | 5.57
b216-b9     | 04 23 56.61 | +26 36 38.0 | -- | 99 | 99 | 99 | 99 | 99 | 99 |  9.75  | 99
fs2-53      | 05 02 57.44 | -01 46 42.6 | -- | 99 | 99 | 99 | 99 | 99 | 99 |  9.80  | 99
SAO112626   | 05 19 17.16 | +01 42 16.1 | -- | 99 | 99 | 99 | 99 | 99 | 99 |  8.56  | 99
HD38921     | 05 47 22.19 | -38 13 51.3 | -- | 99 | 99 | 99 | 99 | 99 | 99 |  7.52  | 7.48
SA97-249    | 05 57 07.59 | +00 01 11.4 | -- | 99 | 99 | 99 | 99 | 99 | 99 | 10.10  | 99
HD40335     | 05 58 13.52 | +01 51 23.0 | -- | 99 | 99 | 99 | 99 | 99 | 99 |  6.45  | 6.41
p486-r      | 08 51 11.88 | +11 45 21.5 | -- | 99 | 99 | 99 | 99 | 99 | 99 | 10.25  | 99
HD77281     | 09 01 38.01 | -01 28 34.8 | -- | 99 | 99 | 99 | 99 | 99 | 99 |  7.03  | 7.02
p259-c      | 09 03 20.60 | +34 21 03.9 | -- | 99 | 99 | 99 | 99 | 99 | 99 | 10.30  | 99
GL347A      | 09 28 53.5  | -07 22 15   | -- | 99 | 99 | 99 | 99 | 99 | 99 |  7.36  | 99
lhs2397a    | 11 21 48.95 | -13 13 07.9 | -- | 99 | 99 | 99 | 99 | 99 | 99 | 10.03  | 99
HD106965    | 12 17 57.54 | +01 34 31.1 | -- | 99 | 99 | 99 | 99 | 99 | 99 |  7.31  | 7.32
lhs2924     | 14 28 43.37 | +33 10 41.5 | -- | 99 | 99 | 99 | 99 | 99 | 99 | 10.10  | 99
HD129653    | 14 42 39.56 | +36 45 24.3 | -- | 99 | 99 | 99 | 99 | 99 | 99 |  6.92  | 6.99 
HD129655    | 14 43 46.44 | -02 30 20.0 | -- | 99 | 99 | 99 | 99 | 99 | 99 |  6.67  | 6.69
HD136754    | 15 21 34.53 | +24 20 36.1 | -- | 99 | 99 | 99 | 99 | 99 | 99 |  7.16  | 7.10
p275-a      | 16 28 06.72 | +34 58 48.3 | -- | 99 | 99 | 99 | 99 | 99 | 99 | 10.44  | 99
s587-t      | 17 13 22.65 | -18 53 33.8 | -- | 99 | 99 | 99 | 99 | 99 | 99 | 10.34  | 99
HD161903    | 17 48 19.22 | -01 48 29.7 | -- | 99 | 99 | 99 | 99 | 99 | 99 |  7.04  | 6.97
HD161743    | 17 48 57.93 | -38 07 07.5 | -- | 99 | 99 | 99 | 99 | 99 | 99 |  7.62  | 7.67
GL748       | 19 12 14.60 | +02 53 11.1 | -- | 99 | 99 | 99 | 99 | 99 | 99 |  6.00  | 6.00
s810-a      | 19 41 23.52 | -03 50 56.1 | -- | 99 | 99 | 99 | 99 | 99 | 99 |  9.46  | 99
p338-c      | 20 00 39.25 | +29 58 40.0 | -- | 99 | 99 | 99 | 99 | 99 | 99 | 10.06  | 99
BS7773      | 20 20 39.82 | -12 45 32.7 | -- | 99 | 99 | 99 | 99 | 99 | 99 | 99     | 4.87
GL811.1     | 20 56 46.60 | -10 26 54.6 | -- | 99 | 99 | 99 | 99 | 99 | 99 |  6.69  | 6.72
HD201941    | 21 12 45.32 | +02 38 33.9 | -- | 99 | 99 | 99 | 99 | 99 | 99 |  6.61  | 6.63
fs2-27      | 23 49 47.82 | +34 13 05.1 | -- | 99 | 99 | 99 | 99 | 99 | 99 |  9.32  | 99
#
# end of file
#
